0.005		-0.954333
0.01		-0.954314
0.015		-0.954259
0.02		-0.954166
0.025		-0.954037
0.03		-0.95387
0.035		-0.953667
0.04		-0.953426
0.045		-0.953149
0.05		-0.952835
0.055		-0.952484
0.06		-0.952097
0.065		-0.951673
0.07		-0.951212
0.075		-0.950715
0.08		-0.950182
0.085		-0.949612
0.09		-0.949006
0.095		-0.948365
0.1		-0.947687
0.105		-0.946973
0.11		-0.946224
0.115		-0.94544
0.12		-0.94462
0.125		-0.943765
0.13		-0.942875
0.135		-0.94195
0.14		-0.940991
0.145		-0.939998
0.15		-0.938971
0.155		-0.93791
0.16		-0.936815
0.165		-0.935688
0.17		-0.934527
0.175		-0.933334
0.18		-0.932109
0.185		-0.930851
0.19		-0.929563
0.195		-0.928243
0.2		-0.926893
0.205		-0.925512
0.21		-0.924102
0.215		-0.922663
0.22		-0.921195
0.225		-0.919699
0.23		-0.918175
0.235		-0.916625
0.24		-0.915048
0.245		-0.913445
0.25		-0.911818
0.255		-0.910167
0.26		-0.908493
0.265		-0.906796
0.27		-0.905077
0.275		-0.903338
0.28		-0.90158
0.285		-0.899803
0.29		-0.898009
0.295		-0.896199
0.3		-0.894373
0.305		-0.892534
0.31		-0.890683
0.315		-0.888822
0.32		-0.886951
0.325		-0.885072
0.33		-0.883188
0.335		-0.881301
0.34		-0.879411
0.345		-0.877521
0.35		-0.875634
0.355		-0.873752
0.36		-0.871877
0.365		-0.870011
0.37		-0.868159
0.375		-0.866321
0.38		-0.864502
0.385		-0.862705
0.39		-0.860934
0.395		-0.85919
0.4		-0.85748
0.405		-0.855805
0.41		-0.854171
0.415		-0.852581
0.42		-0.851041
0.425		-0.849553
0.43		-0.848124
0.435		-0.846757
0.44		-0.845457
0.445		-0.84423
0.45		-0.843079
0.455		-0.842009
0.46		-0.841026
0.465		-0.840132
0.47		-0.839333
0.475		-0.838632
0.48		-0.838033
0.485		-0.837538
0.49		-0.83715
0.495		-0.836872
0.5		-0.836704
0.503727		-0.836648
0.507453		-0.836646
0.51118		-0.836637
0.514907		-0.836624
0.518633		-0.836604
0.52236		-0.836579
0.526086		-0.836549
0.529813		-0.836513
0.53354		-0.836472
0.537266		-0.836425
0.540993		-0.836373
0.54472		-0.836315
0.548446		-0.836252
0.552173		-0.836184
0.555899		-0.83611
0.559626		-0.836031
0.563353		-0.835947
0.567079		-0.835857
0.570806		-0.835762
0.574533		-0.835662
0.578259		-0.835557
0.581986		-0.835447
0.585713		-0.835331
0.589439		-0.835211
0.593166		-0.835086
0.596892		-0.834956
0.600619		-0.834821
0.604346		-0.834681
0.608072		-0.834536
0.611799		-0.834387
0.615526		-0.834233
0.619252		-0.834075
0.622979		-0.833912
0.626705		-0.833745
0.630432		-0.833574
0.634159		-0.833398
0.637885		-0.833218
0.641612		-0.833034
0.645339		-0.832847
0.649065		-0.832655
0.652792		-0.83246
0.656518		-0.832261
0.660245		-0.832059
0.663972		-0.831853
0.667698		-0.831644
0.671425		-0.831431
0.675152		-0.831216
0.678878		-0.830998
0.682605		-0.830777
0.686332		-0.830554
0.690058		-0.830328
0.693785		-0.8301
0.697511		-0.829869
0.701238		-0.829637
0.704965		-0.829403
0.708691		-0.829167
0.712418		-0.82893
0.716145		-0.828691
0.719871		-0.828452
0.723598		-0.828212
0.727324		-0.827971
0.731051		-0.827729
0.734778		-0.827488
0.738504		-0.827246
0.742231		-0.827005
0.745958		-0.826764
0.749684		-0.826524
0.753411		-0.826286
0.757138		-0.826048
0.760864		-0.825812
0.764591		-0.825578
0.768317		-0.825346
0.772044		-0.825117
0.775771		-0.82489
0.779497		-0.824667
0.783224		-0.824447
0.786951		-0.824231
0.790677		-0.824019
0.794404		-0.823811
0.79813		-0.823608
0.801857		-0.82341
0.805584		-0.823218
0.80931		-0.823032
0.813037		-0.822853
0.816764		-0.82268
0.82049		-0.822514
0.824217		-0.822356
0.827944		-0.822205
0.83167		-0.822063
0.835397		-0.82193
0.839123		-0.821807
0.84285		-0.821693
0.846577		-0.821589
0.850303		-0.821495
0.85403		-0.821413
0.857757		-0.821342
0.861483		-0.821283
0.86521		-0.821237
0.868936		-0.821203
0.872663		-0.821183
0.877377		-0.821176
0.88209		-0.821204
0.886804		-0.821292
0.891517		-0.821443
0.896231		-0.821661
0.900945		-0.821948
0.905658		-0.822308
0.910372		-0.822743
0.915085		-0.823254
0.919799		-0.823845
0.924512		-0.824515
0.929226		-0.825267
0.93394		-0.826101
0.938653		-0.827017
0.943367		-0.828016
0.94808		-0.829096
0.952794		-0.830256
0.957507		-0.831496
0.962221		-0.832813
0.966935		-0.834205
0.971648		-0.83567
0.976362		-0.837205
0.981075		-0.838807
0.985789		-0.840473
0.990502		-0.842199
0.995216		-0.843982
0.99993		-0.845819
1.00464		-0.847706
1.00936		-0.849638
1.01407		-0.851612
1.01878		-0.853624
1.0235		-0.855671
1.02821		-0.857749
1.03292		-0.859854
1.03764		-0.861982
1.04235		-0.864131
1.04707		-0.866296
1.05178		-0.868475
1.05649		-0.870664
1.06121		-0.87286
1.06592		-0.875061
1.07063		-0.877262
1.07535		-0.879463
1.08006		-0.881659
1.08477		-0.883849
1.08949		-0.88603
1.0942		-0.8882
1.09891		-0.890356
1.10363		-0.892497
1.10834		-0.894621
1.11306		-0.896725
1.11777		-0.898809
1.12248		-0.900869
1.1272		-0.902905
1.13191		-0.904915
1.13662		-0.906898
1.14134		-0.908852
1.14605		-0.910776
1.15076		-0.912668
1.15548		-0.914528
1.16019		-0.916355
1.1649		-0.918146
1.16962		-0.919902
1.17433		-0.921622
1.17905		-0.923303
1.18376		-0.924947
1.18847		-0.926551
1.19319		-0.928115
1.1979		-0.929639
1.20261		-0.931121
1.20733		-0.932561
1.21204		-0.933959
1.21675		-0.935314
1.22147		-0.936625
1.22618		-0.937892
1.23089		-0.939114
1.23561		-0.940292
1.24032		-0.941424
1.24504		-0.94251
1.24975		-0.94355
1.25446		-0.944544
1.25918		-0.945491
1.26389		-0.946391
1.2686		-0.947244
1.27332		-0.948049
1.27803		-0.948806
1.28274		-0.949516
1.28746		-0.950177
1.29217		-0.95079
1.29688		-0.951354
1.3016		-0.95187
1.30631		-0.952337
1.31103		-0.952756
1.31574		-0.953125
1.32045		-0.953445
1.32517		-0.953716
1.32988		-0.953938
1.33459		-0.954111
1.33931		-0.954234
1.34402		-0.954308

0.005		-0.477527
0.01		-0.477506
0.015		-0.477443
0.02		-0.47734
0.025		-0.477194
0.03		-0.477007
0.035		-0.476778
0.04		-0.476508
0.045		-0.476196
0.05		-0.475843
0.055		-0.475449
0.06		-0.475013
0.065		-0.474536
0.07		-0.474018
0.075		-0.473458
0.08		-0.472858
0.085		-0.472216
0.09		-0.471534
0.095		-0.47081
0.1		-0.470046
0.105		-0.469241
0.11		-0.468396
0.115		-0.46751
0.12		-0.466584
0.125		-0.465617
0.13		-0.464611
0.135		-0.463564
0.14		-0.462478
0.145		-0.461352
0.15		-0.460186
0.155		-0.458981
0.16		-0.457737
0.165		-0.456454
0.17		-0.455131
0.175		-0.454762
0.18		-0.45829
0.185		-0.461855
0.19		-0.465452
0.195		-0.469078
0.2		-0.472729
0.205		-0.476404
0.21		-0.480098
0.215		-0.483808
0.22		-0.487532
0.225		-0.491268
0.23		-0.495012
0.235		-0.498761
0.24		-0.502514
0.245		-0.506268
0.25		-0.51002
0.255		-0.513768
0.26		-0.51751
0.265		-0.521244
0.27		-0.524967
0.275		-0.528678
0.28		-0.532374
0.285		-0.536053
0.29		-0.539713
0.295		-0.543353
0.3		-0.546969
0.305		-0.550561
0.31		-0.554126
0.315		-0.557662
0.32		-0.561166
0.325		-0.564638
0.33		-0.568074
0.335		-0.571472
0.34		-0.57483
0.345		-0.578146
0.35		-0.581417
0.355		-0.584641
0.36		-0.587814
0.365		-0.590935
0.37		-0.594
0.375		-0.597005
0.38		-0.599949
0.385		-0.602828
0.39		-0.605637
0.395		-0.608374
0.4		-0.611035
0.405		-0.613615
0.41		-0.616111
0.415		-0.618519
0.42		-0.620833
0.425		-0.62305
0.43		-0.625165
0.435		-0.627174
0.44		-0.62907
0.445		-0.630851
0.45		-0.632511
0.455		-0.634045
0.46		-0.635449
0.465		-0.636719
0.47		-0.63785
0.475		-0.638838
0.48		-0.639681
0.485		-0.640375
0.49		-0.640918
0.495		-0.641307
0.5		-0.641541
0.503727		-0.641619
0.507453		-0.641614
0.51118		-0.641599
0.514907		-0.641574
0.518633		-0.64154
0.52236		-0.641495
0.526086		-0.64144
0.529813		-0.641376
0.53354		-0.641302
0.537266		-0.641217
0.540993		-0.641123
0.54472		-0.641019
0.548446		-0.640905
0.552173		-0.640781
0.555899		-0.640647
0.559626		-0.640504
0.563353		-0.64035
0.567079		-0.640187
0.570806		-0.640013
0.574533		-0.63983
0.578259		-0.639637
0.581986		-0.639434
0.585713		-0.639221
0.589439		-0.638999
0.593166		-0.638766
0.596892		-0.638524
0.600619		-0.638272
0.604346		-0.63801
0.608072		-0.637738
0.611799		-0.637456
0.615526		-0.637165
0.619252		-0.636864
0.622979		-0.636553
0.626705		-0.636232
0.630432		-0.635901
0.634159		-0.635561
0.637885		-0.635211
0.641612		-0.634851
0.645339		-0.634482
0.649065		-0.634103
0.652792		-0.633714
0.656518		-0.633316
0.660245		-0.632908
0.663972		-0.632491
0.667698		-0.632064
0.671425		-0.631627
0.675152		-0.631181
0.678878		-0.630725
0.682605		-0.63026
0.686332		-0.629786
0.690058		-0.629302
0.693785		-0.628809
0.697511		-0.628307
0.701238		-0.627795
0.704965		-0.627274
0.708691		-0.626744
0.712418		-0.626205
0.716145		-0.625657
0.719871		-0.6251
0.723598		-0.624534
0.727324		-0.623959
0.731051		-0.623376
0.734778		-0.622783
0.738504		-0.622182
0.742231		-0.621573
0.745958		-0.620955
0.749684		-0.620329
0.753411		-0.619695
0.757138		-0.619052
0.760864		-0.618402
0.764591		-0.617744
0.768317		-0.617078
0.772044		-0.616405
0.775771		-0.615725
0.779497		-0.615038
0.783224		-0.614344
0.786951		-0.613644
0.790677		-0.612938
0.794404		-0.612227
0.79813		-0.61151
0.801857		-0.610788
0.805584		-0.610063
0.80931		-0.609334
0.813037		-0.608603
0.816764		-0.607871
0.82049		-0.607138
0.824217		-0.606407
0.827944		-0.605679
0.83167		-0.604958
0.835397		-0.604244
0.839123		-0.603543
0.84285		-0.602859
0.846577		-0.602197
0.850303		-0.601566
0.85403		-0.600974
0.857757		-0.600434
0.861483		-0.599959
0.86521		-0.599565
0.868936		-0.599269
0.872663		-0.599084
0.877377		-0.599019
0.88209		-0.599266
0.886804		-0.599895
0.891517		-0.60076
0.896231		-0.601734
0.900945		-0.602733
0.905658		-0.603701
0.910372		-0.604603
0.915085		-0.605416
0.919799		-0.606125
0.924512		-0.606719
0.929226		-0.607189
0.93394		-0.607529
0.938653		-0.607735
0.943367		-0.607805
0.94808		-0.607735
0.952794		-0.607524
0.957507		-0.607173
0.962221		-0.60668
0.966935		-0.606046
0.971648		-0.605273
0.976362		-0.604362
0.981075		-0.603314
0.985789		-0.602133
0.990502		-0.60082
0.995216		-0.599377
0.99993		-0.597809
1.00464		-0.596117
1.00936		-0.594305
1.01407		-0.592377
1.01878		-0.590335
1.0235		-0.588183
1.02821		-0.585924
1.03292		-0.583563
1.03764		-0.581101
1.04235		-0.578543
1.04707		-0.575892
1.05178		-0.573151
1.05649		-0.570324
1.06121		-0.567414
1.06592		-0.564425
1.07063		-0.561359
1.07535		-0.55822
1.08006		-0.555012
1.08477		-0.551736
1.08949		-0.548397
1.0942		-0.544998
1.09891		-0.541542
1.10363		-0.538032
1.10834		-0.534472
1.11306		-0.530864
1.11777		-0.527211
1.12248		-0.523518
1.1272		-0.519787
1.13191		-0.516022
1.13662		-0.512225
1.14134		-0.508401
1.14605		-0.504553
1.15076		-0.500684
1.15548		-0.496798
1.16019		-0.492899
1.1649		-0.48899
1.16962		-0.485076
1.17433		-0.481159
1.17905		-0.477245
1.18376		-0.473337
1.18847		-0.46944
1.19319		-0.465558
1.1979		-0.461696
1.20261		-0.457858
1.20733		-0.45405
1.21204		-0.454473
1.21675		-0.456018
1.22147		-0.457512
1.22618		-0.458954
1.23089		-0.460343
1.23561		-0.46168
1.24032		-0.462964
1.24504		-0.464194
1.24975		-0.465372
1.25446		-0.466496
1.25918		-0.467566
1.26389		-0.468582
1.2686		-0.469545
1.27332		-0.470453
1.27803		-0.471307
1.28274		-0.472107
1.28746		-0.472852
1.29217		-0.473542
1.29688		-0.474177
1.3016		-0.474758
1.30631		-0.475283
1.31103		-0.475754
1.31574		-0.476169
1.32045		-0.476529
1.32517		-0.476834
1.32988		-0.477083
1.33459		-0.477277
1.33931		-0.477416
1.34402		-0.477499

0.005		-0.383746
0.01		-0.383794
0.015		-0.383954
0.02		-0.384277
0.025		-0.384773
0.03		-0.385427
0.035		-0.38623
0.04		-0.387177
0.045		-0.388265
0.05		-0.389491
0.055		-0.390854
0.06		-0.392349
0.065		-0.393974
0.07		-0.395725
0.075		-0.397599
0.08		-0.399592
0.085		-0.401701
0.09		-0.403922
0.095		-0.40625
0.1		-0.408682
0.105		-0.411213
0.11		-0.413839
0.115		-0.416557
0.12		-0.419362
0.125		-0.422249
0.13		-0.425215
0.135		-0.428254
0.14		-0.431364
0.145		-0.434541
0.15		-0.437779
0.155		-0.441075
0.16		-0.444425
0.165		-0.447825
0.17		-0.451272
0.175		-0.453771
0.18		-0.452371
0.185		-0.450934
0.19		-0.449458
0.195		-0.447945
0.2		-0.446394
0.205		-0.444806
0.21		-0.44318
0.215		-0.441518
0.22		-0.43982
0.225		-0.438085
0.23		-0.436727
0.235		-0.438348
0.24		-0.439957
0.245		-0.441553
0.25		-0.443135
0.255		-0.444702
0.26		-0.446253
0.265		-0.447785
0.27		-0.449299
0.275		-0.450793
0.28		-0.452266
0.285		-0.453718
0.29		-0.455147
0.295		-0.456552
0.3		-0.457933
0.305		-0.459289
0.31		-0.46062
0.315		-0.461923
0.32		-0.4632
0.325		-0.464449
0.33		-0.465669
0.335		-0.466861
0.34		-0.468023
0.345		-0.469155
0.35		-0.470256
0.355		-0.471326
0.36		-0.472365
0.365		-0.473372
0.37		-0.474347
0.375		-0.47529
0.38		-0.476199
0.385		-0.477075
0.39		-0.477917
0.395		-0.478726
0.4		-0.4795
0.405		-0.48024
0.41		-0.480945
0.415		-0.481615
0.42		-0.482251
0.425		-0.482851
0.43		-0.483415
0.435		-0.483944
0.44		-0.484437
0.445		-0.484894
0.45		-0.485315
0.455		-0.485699
0.46		-0.486048
0.465		-0.48636
0.47		-0.486635
0.475		-0.486874
0.48		-0.487076
0.485		-0.487242
0.49		-0.48737
0.495		-0.487463
0.5		-0.487518
0.503727		-0.487536
0.507453		-0.487556
0.51118		-0.487615
0.514907		-0.487713
0.518633		-0.48785
0.52236		-0.488026
0.526086		-0.48824
0.529813		-0.488494
0.53354		-0.488785
0.537266		-0.489115
0.540993		-0.489482
0.54472		-0.489886
0.548446		-0.490327
0.552173		-0.490805
0.555899		-0.491318
0.559626		-0.491867
0.563353		-0.492451
0.567079		-0.493069
0.570806		-0.493722
0.574533		-0.494407
0.578259		-0.495125
0.581986		-0.495874
0.585713		-0.496655
0.589439		-0.497467
0.593166		-0.498308
0.596892		-0.499178
0.600619		-0.500077
0.604346		-0.501003
0.608072		-0.501956
0.611799		-0.502935
0.615526		-0.50394
0.619252		-0.504969
0.622979		-0.506021
0.626705		-0.507097
0.630432		-0.508194
0.634159		-0.509313
0.637885		-0.510452
0.641612		-0.511611
0.645339		-0.512789
0.649065		-0.513985
0.652792		-0.515198
0.656518		-0.516428
0.660245		-0.517673
0.663972		-0.518933
0.667698		-0.520207
0.671425		-0.521494
0.675152		-0.522794
0.678878		-0.524105
0.682605		-0.525428
0.686332		-0.52676
0.690058		-0.528102
0.693785		-0.529452
0.697511		-0.53081
0.701238		-0.532175
0.704965		-0.533547
0.708691		-0.534924
0.712418		-0.536305
0.716145		-0.537691
0.719871		-0.53908
0.723598		-0.540472
0.727324		-0.541865
0.731051		-0.54326
0.734778		-0.544655
0.738504		-0.546049
0.742231		-0.547443
0.745958		-0.548834
0.749684		-0.550223
0.753411		-0.551608
0.757138		-0.552989
0.760864		-0.554366
0.764591		-0.555736
0.768317		-0.5571
0.772044		-0.558456
0.775771		-0.559804
0.779497		-0.561143
0.783224		-0.562473
0.786951		-0.563791
0.790677		-0.565097
0.794404		-0.56639
0.79813		-0.567669
0.801857		-0.568933
0.805584		-0.570181
0.80931		-0.571411
0.813037		-0.572621
0.816764		-0.573811
0.82049		-0.574978
0.824217		-0.576119
0.827944		-0.577233
0.83167		-0.578317
0.835397		-0.579367
0.839123		-0.580378
0.84285		-0.581346
0.846577		-0.582263
0.850303		-0.583123
0.85403		-0.583914
0.857757		-0.584625
0.861483		-0.58524
0.86521		-0.585745
0.868936		-0.58612
0.872663		-0.586353
0.877377		-0.586433
0.88209		-0.586123
0.886804		-0.585295
0.891517		-0.584091
0.896231		-0.582632
0.900945		-0.581002
0.905658		-0.57925
0.910372		-0.577409
0.915085		-0.575498
0.919799		-0.573531
0.924512		-0.571516
0.929226		-0.56946
0.93394		-0.567368
0.938653		-0.565243
0.943367		-0.563087
0.94808		-0.560903
0.952794		-0.558693
0.957507		-0.556458
0.962221		-0.5542
0.966935		-0.551919
0.971648		-0.549618
0.976362		-0.547296
0.981075		-0.544955
0.985789		-0.542595
0.990502		-0.540217
0.995216		-0.537823
0.99993		-0.535411
1.00464		-0.532985
1.00936		-0.530543
1.01407		-0.528086
1.01878		-0.525616
1.0235		-0.523132
1.02821		-0.520635
1.03292		-0.518125
1.03764		-0.515604
1.04235		-0.513072
1.04707		-0.510529
1.05178		-0.507975
1.05649		-0.505412
1.06121		-0.50284
1.06592		-0.500259
1.07063		-0.497669
1.07535		-0.495073
1.08006		-0.49247
1.08477		-0.48986
1.08949		-0.487245
1.0942		-0.484625
1.09891		-0.482001
1.10363		-0.479375
1.10834		-0.476745
1.11306		-0.474115
1.11777		-0.471484
1.12248		-0.468854
1.1272		-0.466227
1.13191		-0.463602
1.13662		-0.460982
1.14134		-0.458368
1.14605		-0.455761
1.15076		-0.453164
1.15548		-0.450577
1.16019		-0.448003
1.1649		-0.445443
1.16962		-0.4429
1.17433		-0.440375
1.17905		-0.442224
1.18376		-0.444125
1.18847		-0.445976
1.19319		-0.447776
1.1979		-0.449527
1.20261		-0.451227
1.20733		-0.452875
1.21204		-0.450276
1.21675		-0.446542
1.22147		-0.442853
1.22618		-0.439215
1.23089		-0.435633
1.23561		-0.432114
1.24032		-0.428664
1.24504		-0.425288
1.24975		-0.421995
1.25446		-0.418789
1.25918		-0.415678
1.26389		-0.412669
1.2686		-0.409769
1.27332		-0.406984
1.27803		-0.404323
1.28274		-0.401792
1.28746		-0.399398
1.29217		-0.397148
1.29688		-0.395049
1.3016		-0.393107
1.30631		-0.391329
1.31103		-0.389721
1.31574		-0.388288
1.32045		-0.387035
1.32517		-0.385966
1.32988		-0.385087
1.33459		-0.384399
1.33931		-0.383948
1.34402		-0.383796

0.005		-0.38351
0.01		-0.383574
0.015		-0.38375
0.02		-0.383987
0.025		-0.384271
0.03		-0.384617
0.035		-0.385033
0.04		-0.385519
0.045		-0.386075
0.05		-0.386701
0.055		-0.387393
0.06		-0.388152
0.065		-0.388975
0.07		-0.38986
0.075		-0.390805
0.08		-0.391808
0.085		-0.392867
0.09		-0.393978
0.095		-0.395141
0.1		-0.396352
0.105		-0.397608
0.11		-0.398908
0.115		-0.400248
0.12		-0.401627
0.125		-0.403041
0.13		-0.404487
0.135		-0.405965
0.14		-0.40747
0.145		-0.409
0.15		-0.410553
0.155		-0.412127
0.16		-0.413719
0.165		-0.415327
0.17		-0.416948
0.175		-0.418581
0.18		-0.420223
0.185		-0.421872
0.19		-0.423526
0.195		-0.425184
0.2		-0.426843
0.205		-0.428501
0.21		-0.430158
0.215		-0.43181
0.22		-0.433457
0.225		-0.435096
0.23		-0.436315
0.235		-0.434509
0.24		-0.432668
0.245		-0.430793
0.25		-0.428883
0.255		-0.42694
0.26		-0.424964
0.265		-0.422955
0.27		-0.420914
0.275		-0.418842
0.28		-0.416739
0.285		-0.414606
0.29		-0.412444
0.295		-0.410254
0.3		-0.408037
0.305		-0.405793
0.31		-0.403525
0.315		-0.401232
0.32		-0.398917
0.325		-0.396581
0.33		-0.394226
0.335		-0.391853
0.34		-0.389465
0.345		-0.387062
0.35		-0.384649
0.355		-0.382227
0.36		-0.379798
0.365		-0.377367
0.37		-0.374935
0.375		-0.372507
0.38		-0.370087
0.385		-0.367678
0.39		-0.365285
0.395		-0.362913
0.4		-0.360568
0.405		-0.358254
0.41		-0.355978
0.415		-0.353746
0.42		-0.351565
0.425		-0.349443
0.43		-0.347388
0.435		-0.345406
0.44		-0.343508
0.445		-0.3417
0.45		-0.339993
0.455		-0.338395
0.46		-0.336916
0.465		-0.335563
0.47		-0.334346
0.475		-0.333273
0.48		-0.332351
0.485		-0.331586
0.49		-0.330985
0.495		-0.330553
0.5		-0.330292
0.503727		-0.330204
0.507453		-0.330199
0.51118		-0.330181
0.514907		-0.330152
0.518633		-0.330111
0.52236		-0.330059
0.526086		-0.329995
0.529813		-0.32992
0.53354		-0.329832
0.537266		-0.329734
0.540993		-0.329624
0.54472		-0.329502
0.548446		-0.329369
0.552173		-0.329224
0.555899		-0.329068
0.559626		-0.328901
0.563353		-0.328723
0.567079		-0.328533
0.570806		-0.328332
0.574533		-0.32812
0.578259		-0.327896
0.581986		-0.327662
0.585713		-0.327417
0.589439		-0.327161
0.593166		-0.326894
0.596892		-0.326616
0.600619		-0.326328
0.604346		-0.326029
0.608072		-0.32572
0.611799		-0.3254
0.615526		-0.325071
0.619252		-0.324731
0.622979		-0.324381
0.626705		-0.324021
0.630432		-0.323651
0.634159		-0.323272
0.637885		-0.322884
0.641612		-0.322486
0.645339		-0.322079
0.649065		-0.321662
0.652792		-0.321238
0.656518		-0.320804
0.660245		-0.320362
0.663972		-0.319912
0.667698		-0.319454
0.671425		-0.318988
0.675152		-0.318514
0.678878		-0.318033
0.682605		-0.317545
0.686332		-0.317051
0.690058		-0.31655
0.693785		-0.316042
0.697511		-0.315529
0.701238		-0.31501
0.704965		-0.314486
0.708691		-0.313957
0.712418		-0.313424
0.716145		-0.312886
0.719871		-0.312345
0.723598		-0.3118
0.727324		-0.311253
0.731051		-0.310703
0.734778		-0.310152
0.738504		-0.309599
0.742231		-0.309045
0.745958		-0.308491
0.749684		-0.307937
0.753411		-0.307384
0.757138		-0.306833
0.760864		-0.306284
0.764591		-0.305738
0.768317		-0.305195
0.772044		-0.304657
0.775771		-0.304124
0.779497		-0.303596
0.783224		-0.303076
0.786951		-0.302563
0.790677		-0.302058
0.794404		-0.301563
0.79813		-0.301078
0.801857		-0.300605
0.805584		-0.300144
0.80931		-0.299696
0.813037		-0.299262
0.816764		-0.298844
0.82049		-0.298442
0.824217		-0.298058
0.827944		-0.297693
0.83167		-0.297347
0.835397		-0.297023
0.839123		-0.296721
0.84285		-0.296443
0.846577		-0.296188
0.850303		-0.29596
0.85403		-0.295759
0.857757		-0.295585
0.861483		-0.295441
0.86521		-0.295327
0.868936		-0.295244
0.872663		-0.295194
0.877377		-0.295177
0.88209		-0.295247
0.886804		-0.295461
0.891517		-0.295824
0.896231		-0.296342
0.900945		-0.297017
0.905658		-0.297851
0.910372		-0.298845
0.915085		-0.299997
0.919799		-0.301306
0.924512		-0.302768
0.929226		-0.304377
0.93394		-0.30613
0.938653		-0.308017
0.943367		-0.310034
0.94808		-0.312171
0.952794		-0.314421
0.957507		-0.316776
0.962221		-0.319226
0.966935		-0.321764
0.971648		-0.324382
0.976362		-0.32707
0.981075		-0.329823
0.985789		-0.332631
0.990502		-0.335487
0.995216		-0.338385
0.99993		-0.341318
1.00464		-0.34428
1.00936		-0.347265
1.01407		-0.350267
1.01878		-0.353281
1.0235		-0.356303
1.02821		-0.359328
1.03292		-0.362351
1.03764		-0.365369
1.04235		-0.368378
1.04707		-0.371374
1.05178		-0.374355
1.05649		-0.377318
1.06121		-0.38026
1.06592		-0.383179
1.07063		-0.386072
1.07535		-0.388937
1.08006		-0.391772
1.08477		-0.394576
1.08949		-0.397347
1.0942		-0.400083
1.09891		-0.402783
1.10363		-0.405446
1.10834		-0.408071
1.11306		-0.410655
1.11777		-0.413199
1.12248		-0.415702
1.1272		-0.418162
1.13191		-0.420579
1.13662		-0.422951
1.14134		-0.425279
1.14605		-0.427562
1.15076		-0.429799
1.15548		-0.431989
1.16019		-0.434132
1.1649		-0.436228
1.16962		-0.438275
1.17433		-0.440274
1.17905		-0.437871
1.18376		-0.43539
1.18847		-0.432934
1.19319		-0.430506
1.1979		-0.428108
1.20261		-0.425744
1.20733		-0.423415
1.21204		-0.421124
1.21675		-0.418875
1.22147		-0.416669
1.22618		-0.414511
1.23089		-0.412403
1.23561		-0.410347
1.24032		-0.408347
1.24504		-0.406406
1.24975		-0.404527
1.25446		-0.402712
1.25918		-0.400964
1.26389		-0.399287
1.2686		-0.397683
1.27332		-0.396154
1.27803		-0.394704
1.28274		-0.393335
1.28746		-0.392049
1.29217		-0.390849
1.29688		-0.389736
1.3016		-0.388713
1.30631		-0.387781
1.31103		-0.386943
1.31574		-0.386199
1.32045		-0.385552
1.32517		-0.385002
1.32988		-0.384551
1.33459		-0.384199
1.33931		-0.383905
1.34402		-0.383609

0.005		0.104953
0.01		0.104925
0.015		0.104841
0.02		0.104701
0.025		0.104505
0.03		0.104253
0.035		0.103945
0.04		0.103581
0.045		0.10316
0.05		0.102684
0.055		0.10215
0.06		0.10156
0.065		0.100913
0.07		0.100209
0.075		0.0994474
0.08		0.0986287
0.085		0.0977525
0.09		0.0968184
0.095		0.0958263
0.1		0.094776
0.105		0.0936672
0.11		0.0924997
0.115		0.0912734
0.12		0.0899879
0.125		0.0886431
0.13		0.0872387
0.135		0.0857745
0.14		0.0842504
0.145		0.0826661
0.15		0.0810215
0.155		0.0793163
0.16		0.0775505
0.165		0.0757239
0.17		0.0738365
0.175		0.0718881
0.18		0.0698787
0.185		0.0678083
0.19		0.0656769
0.195		0.0634847
0.2		0.0612317
0.205		0.058918
0.21		0.0565439
0.215		0.0541096
0.22		0.0516156
0.225		0.0490621
0.23		0.0464496
0.235		0.0437787
0.24		0.04105
0.245		0.0382643
0.25		0.0354222
0.255		0.0325247
0.26		0.0295728
0.265		0.0265676
0.27		0.0235104
0.275		0.0204024
0.28		0.0172453
0.285		0.0140405
0.29		0.0107899
0.295		0.00749537
0.3		0.00415906
0.305		0.000783198
0.31		-0.00262976
0.315		-0.00607718
0.32		-0.00955621
0.325		-0.0130638
0.33		-0.0165967
0.335		-0.0201513
0.34		-0.023724
0.345		-0.0273106
0.35		-0.030907
0.355		-0.0345084
0.36		-0.0381101
0.365		-0.0417068
0.37		-0.0452931
0.375		-0.048863
0.38		-0.0524103
0.385		-0.0559286
0.39		-0.0594107
0.395		-0.0628494
0.4		-0.0662368
0.405		-0.069565
0.41		-0.0728252
0.415		-0.0760086
0.42		-0.0791057
0.425		-0.0821069
0.43		-0.0850021
0.435		-0.0877809
0.44		-0.0904326
0.445		-0.0929466
0.45		-0.0953119
0.455		-0.0975175
0.46		-0.0995528
0.465		-0.101407
0.47		-0.103071
0.475		-0.104534
0.48		-0.105788
0.485		-0.106826
0.49		-0.10764
0.495		-0.108225
0.5		-0.108578
0.503727		-0.108696
0.507453		-0.108699
0.51118		-0.108709
0.514907		-0.108726
0.518633		-0.10875
0.52236		-0.10878
0.526086		-0.108817
0.529813		-0.108861
0.53354		-0.108911
0.537266		-0.108969
0.540993		-0.109033
0.54472		-0.109105
0.548446		-0.109183
0.552173		-0.109268
0.555899		-0.10936
0.559626		-0.10946
0.563353		-0.109566
0.567079		-0.109679
0.570806		-0.1098
0.574533		-0.109928
0.578259		-0.110064
0.581986		-0.110206
0.585713		-0.110356
0.589439		-0.110514
0.593166		-0.110679
0.596892		-0.110852
0.600619		-0.111032
0.604346		-0.111221
0.608072		-0.111417
0.611799		-0.11162
0.615526		-0.111832
0.619252		-0.112052
0.622979		-0.112279
0.626705		-0.112515
0.630432		-0.112758
0.634159		-0.11301
0.637885		-0.11327
0.641612		-0.113538
0.645339		-0.113814
0.649065		-0.114098
0.652792		-0.114391
0.656518		-0.114692
0.660245		-0.115001
0.663972		-0.115318
0.667698		-0.115643
0.671425		-0.115976
0.675152		-0.116318
0.678878		-0.116667
0.682605		-0.117024
0.686332		-0.117389
0.690058		-0.117762
0.693785		-0.118142
0.697511		-0.118529
0.701238		-0.118924
0.704965		-0.119326
0.708691		-0.119735
0.712418		-0.12015
0.716145		-0.120572
0.719871		-0.121
0.723598		-0.121434
0.727324		-0.121873
0.731051		-0.122317
0.734778		-0.122767
0.738504		-0.12322
0.742231		-0.123678
0.745958		-0.124139
0.749684		-0.124603
0.753411		-0.12507
0.757138		-0.125538
0.760864		-0.126008
0.764591		-0.126478
0.768317		-0.126949
0.772044		-0.127419
0.775771		-0.127887
0.779497		-0.128353
0.783224		-0.128816
0.786951		-0.129275
0.790677		-0.129729
0.794404		-0.130178
0.79813		-0.130619
0.801857		-0.131053
0.805584		-0.131478
0.80931		-0.131893
0.813037		-0.132297
0.816764		-0.132688
0.82049		-0.133066
0.824217		-0.13343
0.827944		-0.133777
0.83167		-0.134107
0.835397		-0.134418
0.839123		-0.134709
0.84285		-0.134979
0.846577		-0.135226
0.850303		-0.135449
0.85403		-0.135647
0.857757		-0.135818
0.861483		-0.135961
0.86521		-0.136074
0.868936		-0.136157
0.872663		-0.136207
0.877377		-0.136225
0.88209		-0.136153
0.886804		-0.135935
0.891517		-0.135561
0.896231		-0.135026
0.900945		-0.134322
0.905658		-0.133447
0.910372		-0.132396
0.915085		-0.13117
0.919799		-0.129766
0.924512		-0.128188
0.929226		-0.126437
0.93394		-0.124517
0.938653		-0.122432
0.943367		-0.120188
0.94808		-0.11779
0.952794		-0.115246
0.957507		-0.112562
0.962221		-0.109745
0.966935		-0.106803
0.971648		-0.103743
0.976362		-0.100572
0.981075		-0.097299
0.985789		-0.0939304
0.990502		-0.0904738
0.995216		-0.0869363
0.99993		-0.083325
1.00464		-0.0796469
1.00936		-0.0759087
1.01407		-0.072117
1.01878		-0.0682782
1.0235		-0.0643986
1.02821		-0.0604843
1.03292		-0.0565411
1.03764		-0.0525748
1.04235		-0.048591
1.04707		-0.044595
1.05178		-0.0405921
1.05649		-0.0365873
1.06121		-0.0325856
1.06592		-0.0285917
1.07063		-0.0246101
1.07535		-0.0206452
1.08006		-0.0167013
1.08477		-0.0127825
1.08949		-0.00889269
1.0942		-0.00503557
1.09891		-0.00121475
1.10363		0.00256633
1.10834		0.00630442
1.11306		0.00999641
1.11777		0.0136394
1.12248		0.0172305
1.1272		0.0207672
1.13191		0.0242469
1.13662		0.0276675
1.14134		0.0310266
1.14605		0.0343223
1.15076		0.0375527
1.15548		0.040716
1.16019		0.0438108
1.1649		0.0468354
1.16962		0.0497887
1.17433		0.0526693
1.17905		0.0554762
1.18376		0.0582085
1.18847		0.0608653
1.19319		0.0634458
1.1979		0.0659495
1.20261		0.0683757
1.20733		0.070724
1.21204		0.0729941
1.21675		0.0751857
1.22147		0.0772985
1.22618		0.0793324
1.23089		0.0812873
1.23561		0.0831633
1.24032		0.0849603
1.24504		0.0866785
1.24975		0.0883179
1.25446		0.0898787
1.25918		0.0913611
1.26389		0.0927653
1.2686		0.0940915
1.27332		0.09534
1.27803		0.0965111
1.28274		0.097605
1.28746		0.098622
1.29217		0.0995624
1.29688		0.100426
1.3016		0.101214
1.30631		0.101926
1.31103		0.102563
1.31574		0.103124
1.32045		0.103609
1.32517		0.10402
1.32988		0.104356
1.33459		0.104617
1.33931		0.104804
1.34402		0.104915

0.005		0.120468
0.01		0.12049
0.015		0.120557
0.02		0.120667
0.025		0.120819
0.03		0.12101
0.035		0.121237
0.04		0.121498
0.045		0.121788
0.05		0.122105
0.055		0.122444
0.06		0.122803
0.065		0.123177
0.07		0.123564
0.075		0.12396
0.08		0.124365
0.085		0.124775
0.09		0.125189
0.095		0.125607
0.1		0.126026
0.105		0.126447
0.11		0.126869
0.115		0.127292
0.12		0.127715
0.125		0.128139
0.13		0.128565
0.135		0.128991
0.14		0.129419
0.145		0.129848
0.15		0.13028
0.155		0.130713
0.16		0.131149
0.165		0.131587
0.17		0.132028
0.175		0.132472
0.18		0.132918
0.185		0.133368
0.19		0.133821
0.195		0.134276
0.2		0.134735
0.205		0.135197
0.21		0.135661
0.215		0.136128
0.22		0.136598
0.225		0.13707
0.23		0.137545
0.235		0.138021
0.24		0.138499
0.245		0.138978
0.25		0.139459
0.255		0.13994
0.26		0.140421
0.265		0.140903
0.27		0.141384
0.275		0.141864
0.28		0.142343
0.285		0.14282
0.29		0.143296
0.295		0.143768
0.3		0.144238
0.305		0.144704
0.31		0.145167
0.315		0.145625
0.32		0.146078
0.325		0.146525
0.33		0.146967
0.335		0.147402
0.34		0.147831
0.345		0.148252
0.35		0.148666
0.355		0.149071
0.36		0.149467
0.365		0.149855
0.37		0.150233
0.375		0.150601
0.38		0.150958
0.385		0.151305
0.39		0.151641
0.395		0.151965
0.4		0.152278
0.405		0.152578
0.41		0.152865
0.415		0.15314
0.42		0.153401
0.425		0.15365
0.43		0.153884
0.435		0.154104
0.44		0.154311
0.445		0.154502
0.45		0.15468
0.455		0.154842
0.46		0.154989
0.465		0.155122
0.47		0.155239
0.475		0.155341
0.48		0.155427
0.485		0.155498
0.49		0.155553
0.495		0.155592
0.5		0.155616
0.503727		0.155624
0.507453		0.155662
0.51118		0.155776
0.514907		0.155966
0.518633		0.156232
0.52236		0.156573
0.526086		0.15699
0.529813		0.157481
0.53354		0.158047
0.537266		0.158687
0.540993		0.159399
0.54472		0.160185
0.548446		0.161042
0.552173		0.161971
0.555899		0.16297
0.559626		0.164038
0.563353		0.165174
0.567079		0.166378
0.570806		0.167648
0.574533		0.168984
0.578259		0.170383
0.581986		0.171845
0.585713		0.173368
0.589439		0.174951
0.593166		0.176593
0.596892		0.178292
0.600619		0.180046
0.604346		0.181854
0.608072		0.183715
0.611799		0.185627
0.615526		0.187588
0.619252		0.189596
0.622979		0.19165
0.626705		0.193747
0.630432		0.195887
0.634159		0.198066
0.637885		0.200283
0.641612		0.202537
0.645339		0.204825
0.649065		0.207144
0.652792		0.209494
0.656518		0.211871
0.660245		0.214274
0.663972		0.2167
0.667698		0.219147
0.671425		0.221614
0.675152		0.224096
0.678878		0.226593
0.682605		0.229102
0.686332		0.23162
0.690058		0.234145
0.693785		0.236675
0.697511		0.239206
0.701238		0.241736
0.704965		0.244263
0.708691		0.246784
0.712418		0.249296
0.716145		0.251796
0.719871		0.254282
0.723598		0.256751
0.727324		0.2592
0.731051		0.261626
0.734778		0.264027
0.738504		0.266399
0.742231		0.268739
0.745958		0.271045
0.749684		0.273313
0.753411		0.275541
0.757138		0.277725
0.760864		0.279864
0.764591		0.281953
0.768317		0.283991
0.772044		0.285974
0.775771		0.287899
0.779497		0.289765
0.783224		0.291569
0.786951		0.293309
0.790677		0.294981
0.794404		0.296585
0.79813		0.298119
0.801857		0.29958
0.805584		0.300968
0.80931		0.302281
0.813037		0.303519
0.816764		0.30468
0.82049		0.305765
0.824217		0.306773
0.827944		0.307704
0.83167		0.308558
0.835397		0.309336
0.839123		0.310039
0.84285		0.310668
0.846577		0.311224
0.850303		0.311708
0.85403		0.312121
0.857757		0.312465
0.861483		0.312743
0.86521		0.312955
0.868936		0.313103
0.872663		0.313191
0.877377		0.313218
0.88209		0.313112
0.886804		0.312793
0.891517		0.312274
0.896231		0.31157
0.900945		0.310696
0.905658		0.309664
0.910372		0.308486
0.915085		0.307173
0.919799		0.305735
0.924512		0.304181
0.929226		0.302519
0.93394		0.300756
0.938653		0.298899
0.943367		0.296955
0.94808		0.294928
0.952794		0.292823
0.957507		0.290646
0.962221		0.288399
0.966935		0.286087
0.971648		0.283712
0.976362		0.281279
0.981075		0.278789
0.985789		0.276247
0.990502		0.273653
0.995216		0.27101
0.99993		0.268321
1.00464		0.265588
1.00936		0.262813
1.01407		0.259997
1.01878		0.257144
1.0235		0.254255
1.02821		0.251332
1.03292		0.248377
1.03764		0.245393
1.04235		0.242383
1.04707		0.239348
1.05178		0.236291
1.05649		0.233215
1.06121		0.230123
1.06592		0.227018
1.07063		0.223903
1.07535		0.220781
1.08006		0.217656
1.08477		0.214532
1.08949		0.211412
1.0942		0.2083
1.09891		0.205199
1.10363		0.202114
1.10834		0.199049
1.11306		0.196008
1.11777		0.192994
1.12248		0.190012
1.1272		0.187065
1.13191		0.184157
1.13662		0.181292
1.14134		0.178473
1.14605		0.175704
1.15076		0.172987
1.15548		0.170327
1.16019		0.167725
1.1649		0.165185
1.16962		0.162709
1.17433		0.1603
1.17905		0.157959
1.18376		0.155689
1.18847		0.153491
1.19319		0.151367
1.1979		0.149319
1.20261		0.147347
1.20733		0.145452
1.21204		0.143635
1.21675		0.141897
1.22147		0.140238
1.22618		0.138658
1.23089		0.137156
1.23561		0.135733
1.24032		0.134387
1.24504		0.133118
1.24975		0.131924
1.25446		0.130805
1.25918		0.129757
1.26389		0.128779
1.2686		0.127868
1.27332		0.127022
1.27803		0.126238
1.28274		0.125513
1.28746		0.124843
1.29217		0.124225
1.29688		0.123657
1.3016		0.123136
1.30631		0.122659
1.31103		0.122225
1.31574		0.121834
1.32045		0.121488
1.32517		0.121187
1.32988		0.120934
1.33459		0.120733
1.33931		0.120587
1.34402		0.120498

0.005		0.151554
0.01		0.151634
0.015		0.151871
0.02		0.152248
0.025		0.152738
0.03		0.153323
0.035		0.154005
0.04		0.154798
0.045		0.155708
0.05		0.156741
0.055		0.157899
0.06		0.159185
0.065		0.1606
0.07		0.162145
0.075		0.16382
0.08		0.165624
0.085		0.167556
0.09		0.169615
0.095		0.171799
0.1		0.174105
0.105		0.176532
0.11		0.179075
0.115		0.181732
0.12		0.1845
0.125		0.187374
0.13		0.190352
0.135		0.19343
0.14		0.196603
0.145		0.199869
0.15		0.203225
0.155		0.206665
0.16		0.210187
0.165		0.213787
0.17		0.217461
0.175		0.221207
0.18		0.22502
0.185		0.228897
0.19		0.232835
0.195		0.23683
0.2		0.240879
0.205		0.244979
0.21		0.249126
0.215		0.253317
0.22		0.257549
0.225		0.261818
0.23		0.26612
0.235		0.270453
0.24		0.274813
0.245		0.279197
0.25		0.2836
0.255		0.288019
0.26		0.292452
0.265		0.296893
0.27		0.301339
0.275		0.305787
0.28		0.310233
0.285		0.314671
0.29		0.3191
0.295		0.323514
0.3		0.327909
0.305		0.332282
0.31		0.336627
0.315		0.340941
0.32		0.345219
0.325		0.349456
0.33		0.353649
0.335		0.357793
0.34		0.361883
0.345		0.365914
0.35		0.369882
0.355		0.373783
0.36		0.377611
0.365		0.381363
0.37		0.385033
0.375		0.388616
0.38		0.39211
0.385		0.395508
0.39		0.398807
0.395		0.402002
0.4		0.405089
0.405		0.408063
0.41		0.410921
0.415		0.413659
0.42		0.416272
0.425		0.418758
0.43		0.421112
0.435		0.423331
0.44		0.425411
0.445		0.427351
0.45		0.429146
0.455		0.430795
0.46		0.432294
0.465		0.433642
0.47		0.434836
0.475		0.435874
0.48		0.436756
0.485		0.437479
0.49		0.438043
0.495		0.438446
0.5		0.438688
0.503727		0.438769
0.507453		0.438758
0.51118		0.438726
0.514907		0.438672
0.518633		0.438598
0.52236		0.438502
0.526086		0.438386
0.529813		0.438249
0.53354		0.438093
0.537266		0.437917
0.540993		0.437722
0.54472		0.43751
0.548446		0.437279
0.552173		0.437032
0.555899		0.436769
0.559626		0.436489
0.563353		0.436195
0.567079		0.435887
0.570806		0.435565
0.574533		0.43523
0.578259		0.434884
0.581986		0.434526
0.585713		0.434157
0.589439		0.433779
0.593166		0.433391
0.596892		0.432995
0.600619		0.43259
0.604346		0.432179
0.608072		0.431761
0.611799		0.431337
0.615526		0.430909
0.619252		0.430475
0.622979		0.430037
0.626705		0.429596
0.630432		0.429153
0.634159		0.428707
0.637885		0.428259
0.641612		0.427811
0.645339		0.427362
0.649065		0.426913
0.652792		0.426465
0.656518		0.426019
0.660245		0.425574
0.663972		0.425132
0.667698		0.424693
0.671425		0.424258
0.675152		0.423828
0.678878		0.423402
0.682605		0.422982
0.686332		0.422568
0.690058		0.422162
0.693785		0.421763
0.697511		0.421372
0.701238		0.420991
0.704965		0.420619
0.708691		0.420258
0.712418		0.419909
0.716145		0.419571
0.719871		0.419247
0.723598		0.418936
0.727324		0.41864
0.731051		0.418359
0.734778		0.418094
0.738504		0.417847
0.742231		0.417618
0.745958		0.417407
0.749684		0.417216
0.753411		0.417045
0.757138		0.416895
0.760864		0.416767
0.764591		0.416661
0.768317		0.416579
0.772044		0.416519
0.775771		0.416483
0.779497		0.416472
0.783224		0.416484
0.786951		0.41652
0.790677		0.416579
0.794404		0.416662
0.79813		0.416768
0.801857		0.416895
0.805584		0.417042
0.80931		0.417209
0.813037		0.417393
0.816764		0.417593
0.82049		0.417806
0.824217		0.41803
0.827944		0.418262
0.83167		0.4185
0.835397		0.41874
0.839123		0.418979
0.84285		0.419213
0.846577		0.419439
0.850303		0.419653
0.85403		0.419852
0.857757		0.420031
0.861483		0.420186
0.86521		0.420314
0.868936		0.420412
0.872663		0.420474
0.877377		0.420499
0.88209		0.420394
0.886804		0.420101
0.891517		0.419603
0.896231		0.418887
0.900945		0.417944
0.905658		0.416768
0.910372		0.415361
0.915085		0.413724
0.919799		0.411865
0.924512		0.40979
0.929226		0.40751
0.93394		0.405036
0.938653		0.402379
0.943367		0.399551
0.94808		0.396563
0.952794		0.393428
0.957507		0.390156
0.962221		0.386758
0.966935		0.383246
0.971648		0.379631
0.976362		0.375921
0.981075		0.372127
0.985789		0.368258
0.990502		0.364323
0.995216		0.360331
0.99993		0.356291
1.00464		0.35221
1.00936		0.348096
1.01407		0.343957
1.01878		0.3398
1.0235		0.335631
1.02821		0.331458
1.03292		0.327286
1.03764		0.323121
1.04235		0.318969
1.04707		0.314834
1.05178		0.310722
1.05649		0.306636
1.06121		0.302581
1.06592		0.29856
1.07063		0.294576
1.07535		0.290633
1.08006		0.286732
1.08477		0.282875
1.08949		0.279064
1.0942		0.275301
1.09891		0.271587
1.10363		0.267922
1.10834		0.264307
1.11306		0.260742
1.11777		0.257227
1.12248		0.253763
1.1272		0.250348
1.13191		0.246984
1.13662		0.243669
1.14134		0.240403
1.14605		0.237185
1.15076		0.234016
1.15548		0.230894
1.16019		0.227819
1.1649		0.224792
1.16962		0.22181
1.17433		0.218875
1.17905		0.215985
1.18376		0.213141
1.18847		0.210343
1.19319		0.207591
1.1979		0.204884
1.20261		0.202224
1.20733		0.19961
1.21204		0.197044
1.21675		0.194525
1.22147		0.192055
1.22618		0.189635
1.23089		0.187265
1.23561		0.184947
1.24032		0.182683
1.24504		0.180473
1.24975		0.17832
1.25446		0.176226
1.25918		0.174192
1.26389		0.172221
1.2686		0.170316
1.27332		0.16848
1.27803		0.166715
1.28274		0.165025
1.28746		0.163414
1.29217		0.161886
1.29688		0.160445
1.3016		0.159098
1.30631		0.157848
1.31103		0.156701
1.31574		0.155665
1.32045		0.154746
1.32517		0.15395
1.32988		0.153278
1.33459		0.152611
1.33931		0.152024
1.34402		0.151671

0.005		0.152086
0.01		0.152152
0.015		0.152355
0.02		0.152709
0.025		0.153244
0.03		0.153978
0.035		0.154908
0.04		0.156023
0.045		0.157315
0.05		0.158778
0.055		0.160409
0.06		0.162205
0.065		0.164162
0.07		0.166278
0.075		0.168548
0.08		0.170972
0.085		0.173543
0.09		0.17626
0.095		0.179119
0.1		0.182115
0.105		0.185245
0.11		0.188506
0.115		0.191893
0.12		0.195402
0.125		0.199029
0.13		0.20277
0.135		0.20662
0.14		0.210576
0.145		0.214633
0.15		0.218787
0.155		0.223033
0.16		0.227367
0.165		0.231785
0.17		0.236281
0.175		0.240853
0.18		0.245494
0.185		0.250201
0.19		0.25497
0.195		0.259795
0.2		0.264673
0.205		0.269599
0.21		0.274568
0.215		0.279575
0.22		0.284617
0.225		0.289689
0.23		0.294786
0.235		0.299904
0.24		0.305038
0.245		0.310183
0.25		0.315336
0.255		0.320491
0.26		0.325644
0.265		0.330791
0.27		0.335926
0.275		0.341046
0.28		0.346145
0.285		0.351219
0.29		0.356264
0.295		0.361275
0.3		0.366247
0.305		0.371176
0.31		0.376057
0.315		0.380886
0.32		0.385658
0.325		0.390369
0.33		0.395014
0.335		0.399589
0.34		0.404089
0.345		0.40851
0.35		0.412848
0.355		0.417098
0.36		0.421256
0.365		0.425318
0.37		0.42928
0.375		0.433138
0.38		0.436887
0.385		0.440523
0.39		0.444044
0.395		0.447445
0.4		0.450723
0.405		0.453873
0.41		0.456893
0.415		0.45978
0.42		0.462529
0.425		0.465139
0.43		0.467606
0.435		0.469927
0.44		0.4721
0.445		0.474122
0.45		0.475991
0.455		0.477705
0.46		0.479262
0.465		0.48066
0.47		0.481897
0.475		0.482972
0.48		0.483884
0.485		0.484632
0.49		0.485214
0.495		0.485631
0.5		0.485881
0.503727		0.485964
0.507453		0.485974
0.51118		0.486004
0.514907		0.486053
0.518633		0.486121
0.52236		0.486208
0.526086		0.486314
0.529813		0.486438
0.53354		0.486581
0.537266		0.48674
0.540993		0.486916
0.54472		0.487108
0.548446		0.487316
0.552173		0.487539
0.555899		0.487775
0.559626		0.488025
0.563353		0.488288
0.567079		0.488562
0.570806		0.488847
0.574533		0.489142
0.578259		0.489447
0.581986		0.48976
0.585713		0.490081
0.589439		0.490409
0.593166		0.490743
0.596892		0.491083
0.600619		0.491427
0.604346		0.491776
0.608072		0.492127
0.611799		0.492481
0.615526		0.492837
0.619252		0.493194
0.622979		0.493552
0.626705		0.493909
0.630432		0.494265
0.634159		0.49462
0.637885		0.494973
0.641612		0.495323
0.645339		0.495669
0.649065		0.496012
0.652792		0.49635
0.656518		0.496684
0.660245		0.497011
0.663972		0.497333
0.667698		0.497648
0.671425		0.497956
0.675152		0.498257
0.678878		0.49855
0.682605		0.498834
0.686332		0.499109
0.690058		0.499375
0.693785		0.499632
0.697511		0.499879
0.701238		0.500115
0.704965		0.50034
0.708691		0.500555
0.712418		0.500759
0.716145		0.50095
0.719871		0.50113
0.723598		0.501299
0.727324		0.501455
0.731051		0.501598
0.734778		0.501729
0.738504		0.501848
0.742231		0.501954
0.745958		0.502047
0.749684		0.502128
0.753411		0.502196
0.757138		0.502252
0.760864		0.502295
0.764591		0.502327
0.768317		0.502346
0.772044		0.502353
0.775771		0.502349
0.779497		0.502335
0.783224		0.502309
0.786951		0.502274
0.790677		0.502229
0.794404		0.502175
0.79813		0.502113
0.801857		0.502043
0.805584		0.501967
0.80931		0.501885
0.813037		0.501798
0.816764		0.501706
0.82049		0.501612
0.824217		0.501516
0.827944		0.501419
0.83167		0.501322
0.835397		0.501227
0.839123		0.501134
0.84285		0.501045
0.846577		0.500961
0.850303		0.500883
0.85403		0.500813
0.857757		0.500751
0.861483		0.500698
0.86521		0.500655
0.868936		0.500624
0.872663		0.500604
0.877377		0.500597
0.88209		0.500627
0.886804		0.500708
0.891517		0.500838
0.896231		0.501009
0.900945		0.501213
0.905658		0.501438
0.910372		0.501669
0.915085		0.501892
0.919799		0.502088
0.924512		0.50224
0.929226		0.502331
0.93394		0.502343
0.938653		0.502261
0.943367		0.502068
0.94808		0.501752
0.952794		0.501299
0.957507		0.500698
0.962221		0.499939
0.966935		0.499013
0.971648		0.497914
0.976362		0.496634
0.981075		0.495169
0.985789		0.493515
0.990502		0.491668
0.995216		0.489627
0.99993		0.48739
1.00464		0.484957
1.00936		0.482329
1.01407		0.479505
1.01878		0.476488
1.0235		0.47328
1.02821		0.469883
1.03292		0.466302
1.03764		0.462538
1.04235		0.458597
1.04707		0.454482
1.05178		0.450199
1.05649		0.445753
1.06121		0.441148
1.06592		0.436391
1.07063		0.431486
1.07535		0.426441
1.08006		0.421262
1.08477		0.415954
1.08949		0.410524
1.0942		0.40498
1.09891		0.399327
1.10363		0.393572
1.10834		0.387724
1.11306		0.381787
1.11777		0.375771
1.12248		0.369682
1.1272		0.363527
1.13191		0.357314
1.13662		0.35105
1.14134		0.344743
1.14605		0.338401
1.15076		0.33203
1.15548		0.32564
1.16019		0.319237
1.1649		0.312829
1.16962		0.306425
1.17433		0.300032
1.17905		0.293659
1.18376		0.287313
1.18847		0.281003
1.19319		0.274738
1.1979		0.268526
1.20261		0.262375
1.20733		0.256294
1.21204		0.250293
1.21675		0.244379
1.22147		0.238563
1.22618		0.232853
1.23089		0.227259
1.23561		0.221791
1.24032		0.216458
1.24504		0.211269
1.24975		0.206236
1.25446		0.201368
1.25918		0.196675
1.26389		0.192168
1.2686		0.187856
1.27332		0.18375
1.27803		0.179861
1.28274		0.176197
1.28746		0.172768
1.29217		0.169583
1.29688		0.16665
1.3016		0.163973
1.30631		0.16156
1.31103		0.159413
1.31574		0.157532
1.32045		0.155918
1.32517		0.154568
1.32988		0.153484
1.33459		0.152785
1.33931		0.152395
1.34402		0.152164

