0.005		-21.1515
0.01		-21.1526
0.015		-21.1521
0.02		-21.1491
0.025		-21.1432
0.03		-21.1341
0.035		-21.1219
0.04		-21.1068
0.045		-21.0893
0.05		-21.0703
0.055		-21.0506
0.06		-21.0311
0.065		-21.0126
0.07		-20.9957
0.075		-20.9809
0.08		-20.9684
0.085		-20.9581
0.09		-20.9498
0.095		-20.9431
0.1		-20.9372
0.105		-20.9317
0.11		-20.9258
0.115		-20.919
0.12		-20.9108
0.125		-20.9005
0.13		-20.8878
0.135		-20.872
0.14		-20.8527
0.145		-20.8294
0.15		-20.8015
0.155		-20.7686
0.16		-20.7304
0.165		-20.687
0.17		-20.6387
0.175		-20.5862
0.18		-20.5309
0.185		-20.4743
0.19		-20.4185
0.195		-20.3655
0.2		-20.3176
0.205		-20.2765
0.21		-20.2435
0.215		-20.2193
0.22		-20.2036
0.225		-20.1954
0.23		-20.1927
0.235		-20.1931
0.24		-20.1936
0.245		-20.1911
0.25		-20.1828
0.255		-20.1662
0.26		-20.1394
0.265		-20.1014
0.27		-20.0519
0.275		-19.9913
0.28		-19.9207
0.285		-19.8418
0.29		-19.7564
0.295		-19.6667
0.3		-19.5746
0.305		-19.4821
0.31		-19.3909
0.315		-19.3023
0.32		-19.2173
0.325		-19.1369
0.33		-19.0617
0.335		-18.9922
0.34		-18.9289
0.345		-18.8722
0.35		-18.8223
0.355		-18.779
0.36		-18.7421
0.365		-18.711
0.37		-18.6846
0.375		-18.6615
0.38		-18.6404
0.385		-18.6194
0.39		-18.597
0.395		-18.5719
0.4		-18.5432
0.405		-18.5103
0.41		-18.4732
0.415		-18.4324
0.42		-18.3889
0.425		-18.3439
0.43		-18.299
0.435		-18.2556
0.44		-18.2151
0.445		-18.1785
0.45		-18.1466
0.455		-18.1196
0.46		-18.0971
0.465		-18.0784
0.47		-18.0625
0.475		-18.0482
0.48		-18.0344
0.485		-18.0201
0.49		-18.0045
0.495		-17.9872
0.5		-17.9686
0.503727		-17.9491
0.507453		-17.983
0.51118		-18.0214
0.514907		-18.0635
0.518633		-18.1083
0.52236		-18.1548
0.526086		-18.2018
0.529813		-18.2483
0.53354		-18.2931
0.537266		-18.3352
0.540993		-18.3738
0.54472		-18.408
0.548446		-18.4372
0.552173		-18.461
0.555899		-18.4791
0.559626		-18.4916
0.563353		-18.4985
0.567079		-18.5002
0.570806		-18.497
0.574533		-18.4893
0.578259		-18.4778
0.581986		-18.4631
0.585713		-18.4459
0.589439		-18.4268
0.593166		-18.4066
0.596892		-18.3862
0.600619		-18.3663
0.604346		-18.3479
0.608072		-18.3318
0.611799		-18.3188
0.615526		-18.3099
0.619252		-18.3057
0.622979		-18.3068
0.626705		-18.3137
0.630432		-18.3267
0.634159		-18.3457
0.637885		-18.3705
0.641612		-18.4006
0.645339		-18.4353
0.649065		-18.4736
0.652792		-18.5145
0.656518		-18.5567
0.660245		-18.5991
0.663972		-18.6403
0.667698		-18.6792
0.671425		-18.715
0.675152		-18.7469
0.678878		-18.7743
0.682605		-18.797
0.686332		-18.815
0.690058		-18.8285
0.693785		-18.8377
0.697511		-18.8431
0.701238		-18.8453
0.704965		-18.8449
0.708691		-18.8425
0.712418		-18.8387
0.716145		-18.8343
0.719871		-18.8299
0.723598		-18.8264
0.727324		-18.8245
0.731051		-18.8252
0.734778		-18.8293
0.738504		-18.8378
0.742231		-18.8517
0.745958		-18.8716
0.749684		-18.8983
0.753411		-18.9323
0.757138		-18.9736
0.760864		-19.0221
0.764591		-19.0769
0.768317		-19.1371
0.772044		-19.201
0.775771		-19.2667
0.779497		-19.3319
0.783224		-19.3941
0.786951		-19.4508
0.790677		-19.4997
0.794404		-19.5386
0.79813		-19.5659
0.801857		-19.5805
0.805584		-19.5816
0.80931		-19.5695
0.813037		-19.5446
0.816764		-19.5081
0.82049		-19.4614
0.824217		-19.4063
0.827944		-19.3448
0.83167		-19.2788
0.835397		-19.2104
0.839123		-19.1416
0.84285		-19.0743
0.846577		-19.0103
0.850303		-18.9514
0.85403		-18.8996
0.857757		-18.8565
0.861483		-18.8239
0.86521		-18.8037
0.868936		-18.7974
0.872663		-18.8063
0.877377		-18.8312
0.88209		-18.8532
0.886804		-18.8794
0.891517		-18.9101
0.896231		-18.9454
0.900945		-18.9851
0.905658		-19.0291
0.910372		-19.0771
0.915085		-19.1289
0.919799		-19.1838
0.924512		-19.2413
0.929226		-19.3008
0.93394		-19.3615
0.938653		-19.4228
0.943367		-19.4838
0.94808		-19.5438
0.952794		-19.6021
0.957507		-19.6579
0.962221		-19.7108
0.966935		-19.7601
0.971648		-19.8054
0.976362		-19.8466
0.981075		-19.8833
0.985789		-19.9156
0.990502		-19.9436
0.995216		-19.9675
0.99993		-19.9875
1.00464		-20.0041
1.00936		-20.0178
1.01407		-20.0291
1.01878		-20.0386
1.0235		-20.0468
1.02821		-20.0544
1.03292		-20.0618
1.03764		-20.0697
1.04235		-20.0784
1.04707		-20.0884
1.05178		-20.0999
1.05649		-20.1133
1.06121		-20.1287
1.06592		-20.1462
1.07063		-20.1658
1.07535		-20.1874
1.08006		-20.2111
1.08477		-20.2366
1.08949		-20.2638
1.0942		-20.2925
1.09891		-20.3224
1.10363		-20.3535
1.10834		-20.3853
1.11306		-20.4177
1.11777		-20.4505
1.12248		-20.4834
1.1272		-20.5163
1.13191		-20.5489
1.13662		-20.581
1.14134		-20.6124
1.14605		-20.6431
1.15076		-20.6727
1.15548		-20.7013
1.16019		-20.7285
1.1649		-20.7544
1.16962		-20.7787
1.17433		-20.8016
1.17905		-20.8227
1.18376		-20.8423
1.18847		-20.8601
1.19319		-20.8764
1.1979		-20.891
1.20261		-20.9041
1.20733		-20.9157
1.21204		-20.9261
1.21675		-20.9353
1.22147		-20.9435
1.22618		-20.9509
1.23089		-20.9577
1.23561		-20.964
1.24032		-20.9702
1.24504		-20.9763
1.24975		-20.9826
1.25446		-20.9892
1.25918		-20.9963
1.26389		-21.0039
1.2686		-21.0121
1.27332		-21.0209
1.27803		-21.0303
1.28274		-21.0404
1.28746		-21.051
1.29217		-21.0619
1.29688		-21.0732
1.3016		-21.0845
1.30631		-21.0957
1.31103		-21.1065
1.31574		-21.1168
1.32045		-21.1262
1.32517		-21.1346
1.32988		-21.1416
1.33459		-21.1471
1.33931		-21.1507
1.34402		-21.1522

0.005		-8.69374
0.01		-8.69186
0.015		-8.68927
0.02		-8.68593
0.025		-8.68182
0.03		-8.67698
0.035		-8.67143
0.04		-8.66523
0.045		-8.65847
0.05		-8.65121
0.055		-8.64352
0.06		-8.63539
0.065		-8.62677
0.07		-8.61745
0.075		-8.60708
0.08		-8.59514
0.085		-8.58096
0.09		-8.5638
0.095		-8.54294
0.1		-8.51784
0.105		-8.48825
0.11		-8.45432
0.115		-8.41663
0.12		-8.37616
0.125		-8.33417
0.13		-8.29205
0.135		-8.25111
0.14		-8.21244
0.145		-8.17674
0.15		-8.14426
0.155		-8.11471
0.16		-8.08732
0.165		-8.06085
0.17		-8.03372
0.175		-8.00418
0.18		-7.97057
0.185		-7.93151
0.19		-7.8862
0.195		-7.83466
0.2		-7.77792
0.205		-7.71871
0.21		-7.67123
0.215		-7.74446
0.22		-7.87819
0.225		-8.02334
0.23		-8.17416
0.235		-8.32625
0.24		-8.47527
0.245		-8.61743
0.25		-8.74983
0.255		-8.87073
0.26		-8.97965
0.265		-9.07731
0.27		-9.16545
0.275		-9.2466
0.28		-9.32373
0.285		-9.39986
0.29		-9.47775
0.295		-9.55961
0.3		-9.64692
0.305		-9.74029
0.31		-9.83956
0.315		-9.94385
0.32		-10.0518
0.325		-10.1616
0.33		-10.2716
0.335		-10.3802
0.34		-10.4863
0.345		-10.5889
0.35		-10.6879
0.355		-10.7833
0.36		-10.8755
0.365		-10.9651
0.37		-11.0527
0.375		-11.1388
0.38		-11.2238
0.385		-11.308
0.39		-11.3914
0.395		-11.4739
0.4		-11.5551
0.405		-11.6346
0.41		-11.7118
0.415		-11.786
0.42		-11.8564
0.425		-11.9224
0.43		-11.9833
0.435		-12.0387
0.44		-12.0883
0.445		-12.1321
0.45		-12.1706
0.455		-12.2043
0.46		-12.2342
0.465		-12.2611
0.47		-12.2862
0.475		-12.3102
0.48		-12.3336
0.485		-12.3567
0.49		-12.3793
0.495		-12.401
0.5		-12.4211
0.503727		-12.4384
0.507453		-12.4115
0.51118		-12.3847
0.514907		-12.3585
0.518633		-12.3331
0.52236		-12.3087
0.526086		-12.2854
0.529813		-12.263
0.53354		-12.2413
0.537266		-12.2198
0.540993		-12.1981
0.54472		-12.1759
0.548446		-12.1526
0.552173		-12.1277
0.555899		-12.101
0.559626		-12.072
0.563353		-12.0407
0.567079		-12.0069
0.570806		-11.9707
0.574533		-11.9321
0.578259		-11.8913
0.581986		-11.8485
0.585713		-11.8042
0.589439		-11.7584
0.593166		-11.7117
0.596892		-11.6641
0.600619		-11.616
0.604346		-11.5675
0.608072		-11.5189
0.611799		-11.4702
0.615526		-11.4215
0.619252		-11.3731
0.622979		-11.3249
0.626705		-11.2771
0.630432		-11.2299
0.634159		-11.1831
0.637885		-11.137
0.641612		-11.0915
0.645339		-11.0465
0.649065		-11.0019
0.652792		-10.9576
0.656518		-10.9133
0.660245		-10.8686
0.663972		-10.8233
0.667698		-10.777
0.671425		-10.7295
0.675152		-10.6805
0.678878		-10.6299
0.682605		-10.5778
0.686332		-10.5241
0.690058		-10.4691
0.693785		-10.4131
0.697511		-10.3564
0.701238		-10.2994
0.704965		-10.2426
0.708691		-10.1863
0.712418		-10.131
0.716145		-10.0773
0.719871		-10.0258
0.723598		-9.97716
0.727324		-9.93225
0.731051		-9.89215
0.734778		-9.85805
0.738504		-9.83122
0.742231		-9.81291
0.745958		-9.80413
0.749684		-9.80548
0.753411		-9.81703
0.757138		-9.83823
0.760864		-9.86792
0.764591		-9.90445
0.768317		-9.94576
0.772044		-9.98964
0.775771		-10.0338
0.779497		-10.076
0.783224		-10.1142
0.786951		-10.1468
0.790677		-10.1724
0.794404		-10.19
0.79813		-10.1989
0.801857		-10.199
0.805584		-10.1904
0.80931		-10.1736
0.813037		-10.1495
0.816764		-10.1191
0.82049		-10.0838
0.824217		-10.0448
0.827944		-10.0037
0.83167		-9.96205
0.835397		-9.9214
0.839123		-9.88323
0.84285		-9.84904
0.846577		-9.82026
0.850303		-9.79832
0.85403		-9.78465
0.857757		-9.78061
0.861483		-9.78755
0.86521		-9.80665
0.868936		-9.83884
0.872663		-9.88466
0.877377		-9.94406
0.88209		-9.87329
0.886804		-9.80803
0.891517		-9.74825
0.896231		-9.69381
0.900945		-9.64447
0.905658		-9.59985
0.910372		-9.55947
0.915085		-9.52273
0.919799		-9.48891
0.924512		-9.45722
0.929226		-9.4268
0.93394		-9.39677
0.938653		-9.36622
0.943367		-9.33427
0.94808		-9.30012
0.952794		-9.26301
0.957507		-9.2223
0.962221		-9.17748
0.966935		-9.12815
0.971648		-9.07408
0.976362		-9.01517
0.981075		-8.95144
0.985789		-8.88306
0.990502		-8.8103
0.995216		-8.73352
0.99993		-8.65313
1.00464		-8.56961
1.00936		-8.48346
1.01407		-8.39519
1.01878		-8.30531
1.0235		-8.21431
1.02821		-8.12268
1.03292		-8.03092
1.03764		-7.93954
1.04235		-7.84916
1.04707		-7.76079
1.05178		-7.6774
1.05649		-7.61572
1.06121		-7.61031
1.06592		-7.62847
1.07063		-7.65127
1.07535		-7.67584
1.08006		-7.70159
1.08477		-7.72835
1.08949		-7.75607
1.0942		-7.78471
1.09891		-7.8142
1.10363		-7.84449
1.10834		-7.87546
1.11306		-7.90702
1.11777		-7.93903
1.12248		-7.97135
1.1272		-8.00384
1.13191		-8.03635
1.13662		-8.0687
1.14134		-8.10074
1.14605		-8.13229
1.15076		-8.16319
1.15548		-8.1933
1.16019		-8.22245
1.1649		-8.25054
1.16962		-8.27745
1.17433		-8.30311
1.17905		-8.32747
1.18376		-8.35053
1.18847		-8.37229
1.19319		-8.39283
1.1979		-8.41222
1.20261		-8.43057
1.20733		-8.44802
1.21204		-8.46471
1.21675		-8.48077
1.22147		-8.49634
1.22618		-8.51153
1.23089		-8.52645
1.23561		-8.54117
1.24032		-8.55571
1.24504		-8.57009
1.24975		-8.5843
1.25446		-8.59829
1.25918		-8.61201
1.26389		-8.62539
1.2686		-8.63834
1.27332		-8.65078
1.27803		-8.6626
1.28274		-8.67369
1.28746		-8.68395
1.29217		-8.69326
1.29688		-8.70148
1.3016		-8.7085
1.30631		-8.71418
1.31103		-8.71842
1.31574		-8.7211
1.32045		-8.72214
1.32517		-8.7215
1.32988		-8.71914
1.33459		-8.7151
1.33931		-8.70944
1.34402		-8.70227

0.005		-4.95569
0.01		-4.96565
0.015		-4.98117
0.02		-5.00197
0.025		-5.02775
0.03		-5.05815
0.035		-5.09272
0.04		-5.1309
0.045		-5.17211
0.05		-5.21577
0.055		-5.26142
0.06		-5.30875
0.065		-5.35771
0.07		-5.40843
0.075		-5.46111
0.08		-5.51564
0.085		-5.57129
0.09		-5.62673
0.095		-5.68041
0.1		-5.73114
0.105		-5.77848
0.11		-5.82289
0.115		-5.86575
0.12		-5.90917
0.125		-5.95572
0.13		-6.00806
0.135		-6.06843
0.14		-6.13833
0.145		-6.21829
0.15		-6.30779
0.155		-6.40541
0.16		-6.50913
0.165		-6.61667
0.17		-6.72584
0.175		-6.83487
0.18		-6.94266
0.185		-7.04892
0.19		-7.15417
0.195		-7.25969
0.2		-7.36726
0.205		-7.47812
0.21		-7.58266
0.215		-7.57608
0.22		-7.52135
0.225		-7.46811
0.23		-7.42011
0.235		-7.37764
0.24		-7.33957
0.245		-7.30392
0.25		-7.26832
0.255		-7.2304
0.26		-7.18808
0.265		-7.13973
0.27		-7.08426
0.275		-7.02126
0.28		-6.95104
0.285		-6.87483
0.29		-6.7956
0.295		-6.7258
0.3		-6.72684
0.305		-6.78316
0.31		-6.84992
0.315		-6.91925
0.32		-6.98788
0.325		-7.05338
0.33		-7.11361
0.335		-7.16671
0.34		-7.21108
0.345		-7.24543
0.35		-7.26887
0.355		-7.28102
0.36		-7.28214
0.365		-7.27314
0.37		-7.25561
0.375		-7.23172
0.38		-7.20412
0.385		-7.1757
0.39		-7.14943
0.395		-7.12812
0.4		-7.11432
0.405		-7.11014
0.41		-7.11718
0.415		-7.13646
0.42		-7.16835
0.425		-7.21254
0.43		-7.26797
0.435		-7.3329
0.44		-7.40487
0.445		-7.48085
0.45		-7.55738
0.455		-7.63079
0.46		-7.6974
0.465		-7.7538
0.47		-7.79712
0.475		-7.82519
0.48		-7.83674
0.485		-7.83148
0.49		-7.81012
0.495		-7.77428
0.5		-7.72639
0.503727		-7.66955
0.507453		-7.71875
0.51118		-7.77163
0.514907		-7.82646
0.518633		-7.88143
0.52236		-7.93473
0.526086		-7.98456
0.529813		-8.02928
0.53354		-8.06737
0.537266		-8.09758
0.540993		-8.11892
0.54472		-8.13074
0.548446		-8.13273
0.552173		-8.12493
0.555899		-8.10777
0.559626		-8.08203
0.563353		-8.04879
0.567079		-8.00946
0.570806		-7.96564
0.574533		-7.91915
0.578259		-7.87188
0.581986		-7.82576
0.585713		-7.78272
0.589439		-7.74456
0.593166		-7.71296
0.596892		-7.6894
0.600619		-7.67515
0.604346		-7.67123
0.608072		-7.67836
0.611799		-7.69698
0.615526		-7.72717
0.619252		-7.76865
0.622979		-7.82077
0.626705		-7.88246
0.630432		-7.95227
0.634159		-8.02839
0.637885		-8.10872
0.641612		-8.19094
0.645339		-8.27261
0.649065		-8.3513
0.652792		-8.42467
0.656518		-8.49062
0.660245		-8.54735
0.663972		-8.59345
0.667698		-8.62795
0.671425		-8.65033
0.675152		-8.66057
0.678878		-8.6591
0.682605		-8.64677
0.686332		-8.62484
0.690058		-8.59488
0.693785		-8.55871
0.697511		-8.5183
0.701238		-8.4756
0.704965		-8.43249
0.708691		-8.39057
0.712418		-8.35113
0.716145		-8.31497
0.719871		-8.28244
0.723598		-8.25342
0.727324		-8.22732
0.731051		-8.20324
0.734778		-8.18002
0.738504		-8.15644
0.742231		-8.13133
0.745958		-8.10375
0.749684		-8.07314
0.753411		-8.03929
0.757138		-8.00241
0.760864		-7.96293
0.764591		-7.9214
0.768317		-7.8783
0.772044		-7.83397
0.775771		-7.78856
0.779497		-7.74201
0.783224		-7.69408
0.786951		-7.64447
0.790677		-7.59282
0.794404		-7.53885
0.79813		-7.48235
0.801857		-7.42333
0.805584		-7.36197
0.80931		-7.29877
0.813037		-7.23449
0.816764		-7.17022
0.82049		-7.10737
0.824217		-7.04757
0.827944		-6.99259
0.83167		-6.94415
0.835397		-6.9037
0.839123		-6.8722
0.84285		-6.85006
0.846577		-6.83714
0.850303		-6.83297
0.85403		-6.83702
0.857757		-6.84885
0.861483		-6.8682
0.86521		-6.89498
0.868936		-6.92912
0.872663		-6.97029
0.877377		-7.01778
0.88209		-6.96061
0.886804		-6.9055
0.891517		-6.85315
0.896231		-6.80416
0.900945		-6.75903
0.905658		-6.71822
0.910372		-6.68217
0.915085		-6.6514
0.919799		-6.62671
0.924512		-6.60962
0.929226		-6.60295
0.93394		-6.60995
0.938653		-6.63036
0.943367		-6.66008
0.94808		-6.69541
0.952794		-6.7343
0.957507		-6.77569
0.962221		-6.81892
0.966935		-6.86352
0.971648		-6.90907
0.976362		-6.95516
0.981075		-7.00141
0.985789		-7.04742
0.990502		-7.09282
0.995216		-7.13726
0.99993		-7.18042
1.00464		-7.22205
1.00936		-7.26193
1.01407		-7.29992
1.01878		-7.33593
1.0235		-7.36993
1.02821		-7.40197
1.03292		-7.4321
1.03764		-7.46039
1.04235		-7.48684
1.04707		-7.51101
1.05178		-7.53052
1.05649		-7.52919
1.06121		-7.47293
1.06592		-7.39484
1.07063		-7.31417
1.07535		-7.23399
1.08006		-7.15501
1.08477		-7.07737
1.08949		-7.00103
1.0942		-6.92588
1.09891		-6.85173
1.10363		-6.77841
1.10834		-6.70575
1.11306		-6.6336
1.11777		-6.56189
1.12248		-6.49061
1.1272		-6.41982
1.13191		-6.34966
1.13662		-6.28036
1.14134		-6.21218
1.14605		-6.14546
1.15076		-6.08049
1.15548		-6.01758
1.16019		-5.95695
1.1649		-5.89878
1.16962		-5.84317
1.17433		-5.79018
1.17905		-5.73985
1.18376		-5.69222
1.18847		-5.6473
1.19319		-5.60509
1.1979		-5.56551
1.20261		-5.52842
1.20733		-5.49355
1.21204		-5.46056
1.21675		-5.42903
1.22147		-5.39854
1.22618		-5.36866
1.23089		-5.33906
1.23561		-5.3095
1.24032		-5.27986
1.24504		-5.25015
1.24975		-5.22054
1.25446		-5.19134
1.25918		-5.16298
1.26389		-5.13599
1.2686		-5.11099
1.27332		-5.08859
1.27803		-5.06933
1.28274		-5.05359
1.28746		-5.04147
1.29217		-5.03278
1.29688		-5.027
1.3016		-5.02343
1.30631		-5.02122
1.31103		-5.01951
1.31574		-5.0175
1.32045		-5.0145
1.32517		-5.00994
1.32988		-5.00341
1.33459		-4.99466
1.33931		-4.98363
1.34402		-4.97047

0.005		-4.61908
0.01		-4.62286
0.015		-4.63254
0.02		-4.64784
0.025		-4.66857
0.03		-4.6948
0.035		-4.72676
0.04		-4.76476
0.045		-4.80898
0.05		-4.85924
0.055		-4.91482
0.06		-4.97429
0.065		-5.03551
0.07		-5.09573
0.075		-5.15193
0.08		-5.20142
0.085		-5.2424
0.09		-5.27423
0.095		-5.29715
0.1		-5.31192
0.105		-5.31947
0.11		-5.3207
0.115		-5.31644
0.12		-5.30745
0.125		-5.29455
0.13		-5.27868
0.135		-5.26114
0.14		-5.24359
0.145		-5.2281
0.15		-5.21701
0.155		-5.21283
0.16		-5.21803
0.165		-5.23494
0.17		-5.26555
0.175		-5.31133
0.18		-5.37301
0.185		-5.45037
0.19		-5.54199
0.195		-5.64513
0.2		-5.75569
0.205		-5.86845
0.21		-5.97759
0.215		-6.07753
0.22		-6.16384
0.225		-6.23406
0.23		-6.28787
0.235		-6.32687
0.24		-6.3539
0.245		-6.37233
0.25		-6.3855
0.255		-6.39645
0.26		-6.40779
0.265		-6.42174
0.27		-6.44015
0.275		-6.46451
0.28		-6.49577
0.285		-6.53414
0.29		-6.57804
0.295		-6.61621
0.3		-6.588
0.305		-6.50927
0.31		-6.4245
0.315		-6.34066
0.32		-6.25954
0.325		-6.18167
0.33		-6.10694
0.335		-6.03485
0.34		-5.96469
0.345		-5.89574
0.35		-5.82737
0.355		-5.75916
0.36		-5.69096
0.365		-5.62283
0.37		-5.55504
0.375		-5.48799
0.38		-5.42208
0.385		-5.35771
0.39		-5.29518
0.395		-5.23468
0.4		-5.17627
0.405		-5.11987
0.41		-5.06532
0.415		-5.01232
0.42		-4.96052
0.425		-4.90957
0.43		-4.85909
0.435		-4.80881
0.44		-4.75854
0.445		-4.70824
0.45		-4.65798
0.455		-4.608
0.46		-4.55867
0.465		-4.5105
0.47		-4.46409
0.475		-4.42019
0.48		-4.37961
0.485		-4.34326
0.49		-4.31211
0.495		-4.28716
0.5		-4.26942
0.503727		-4.25982
0.507453		-4.26711
0.51118		-4.27647
0.514907		-4.28794
0.518633		-4.30154
0.52236		-4.3173
0.526086		-4.3352
0.529813		-4.35523
0.53354		-4.37732
0.537266		-4.40138
0.540993		-4.42729
0.54472		-4.45486
0.548446		-4.48389
0.552173		-4.51411
0.555899		-4.54524
0.559626		-4.57696
0.563353		-4.60896
0.567079		-4.64093
0.570806		-4.67258
0.574533		-4.70363
0.578259		-4.73389
0.581986		-4.76316
0.585713		-4.7913
0.589439		-4.81822
0.593166		-4.84384
0.596892		-4.8681
0.600619		-4.89094
0.604346		-4.91234
0.608072		-4.93229
0.611799		-4.95079
0.615526		-4.96792
0.619252		-4.98383
0.622979		-4.99875
0.626705		-5.01302
0.630432		-5.02707
0.634159		-5.0414
0.637885		-5.05657
0.641612		-5.07313
0.645339		-5.09163
0.649065		-5.11254
0.652792		-5.13623
0.656518		-5.16297
0.660245		-5.19286
0.663972		-5.22588
0.667698		-5.26187
0.671425		-5.30055
0.675152		-5.3415
0.678878		-5.38423
0.682605		-5.42819
0.686332		-5.47277
0.690058		-5.51738
0.693785		-5.56143
0.697511		-5.60439
0.701238		-5.64584
0.704965		-5.68545
0.708691		-5.72303
0.712418		-5.75851
0.716145		-5.79194
0.719871		-5.82347
0.723598		-5.85324
0.727324		-5.88139
0.731051		-5.90798
0.734778		-5.93296
0.738504		-5.95614
0.742231		-5.97722
0.745958		-5.99585
0.749684		-6.01162
0.753411		-6.02423
0.757138		-6.03348
0.760864		-6.03939
0.764591		-6.04222
0.768317		-6.04244
0.772044		-6.04073
0.775771		-6.03785
0.779497		-6.03461
0.783224		-6.03177
0.786951		-6.02994
0.790677		-6.02958
0.794404		-6.03095
0.79813		-6.03413
0.801857		-6.039
0.805584		-6.04531
0.80931		-6.05266
0.813037		-6.06055
0.816764		-6.06837
0.82049		-6.07546
0.824217		-6.08117
0.827944		-6.08493
0.83167		-6.0864
0.835397		-6.08557
0.839123		-6.08296
0.84285		-6.0795
0.846577		-6.07648
0.850303		-6.07516
0.85403		-6.07652
0.857757		-6.08093
0.861483		-6.08802
0.86521		-6.09678
0.868936		-6.10569
0.872663		-6.11307
0.877377		-6.11737
0.88209		-6.1538
0.886804		-6.1894
0.891517		-6.22426
0.896231		-6.25849
0.900945		-6.29213
0.905658		-6.32522
0.910372		-6.35767
0.915085		-6.38924
0.919799		-6.41928
0.924512		-6.44632
0.929226		-6.46748
0.93394		-6.47934
0.938653		-6.48186
0.943367		-6.47874
0.94808		-6.47317
0.952794		-6.46658
0.957507		-6.45937
0.962221		-6.45144
0.966935		-6.44247
0.971648		-6.4321
0.976362		-6.41997
0.981075		-6.40574
0.985789		-6.38918
0.990502		-6.37013
0.995216		-6.34854
0.99993		-6.32447
1.00464		-6.29807
1.00936		-6.26959
1.01407		-6.23937
1.01878		-6.20778
1.0235		-6.17527
1.02821		-6.14224
1.03292		-6.10912
1.03764		-6.07628
1.04235		-6.04406
1.04707		-6.01271
1.05178		-5.98245
1.05649		-5.95341
1.06121		-5.92568
1.06592		-5.89931
1.07063		-5.8743
1.07535		-5.85063
1.08006		-5.82824
1.08477		-5.80706
1.08949		-5.78698
1.0942		-5.76786
1.09891		-5.74954
1.10363		-5.73181
1.10834		-5.71443
1.11306		-5.6971
1.11777		-5.6795
1.12248		-5.6613
1.1272		-5.64213
1.13191		-5.62161
1.13662		-5.59939
1.14134		-5.57514
1.14605		-5.54861
1.15076		-5.51962
1.15548		-5.48811
1.16019		-5.45411
1.1649		-5.41778
1.16962		-5.37938
1.17433		-5.33919
1.17905		-5.29751
1.18376		-5.25465
1.18847		-5.21085
1.19319		-5.16638
1.1979		-5.12152
1.20261		-5.0766
1.20733		-5.03202
1.21204		-4.98829
1.21675		-4.94593
1.22147		-4.90553
1.22618		-4.86763
1.23089		-4.8327
1.23561		-4.80113
1.24032		-4.77319
1.24504		-4.74896
1.24975		-4.72839
1.25446		-4.71123
1.25918		-4.69709
1.26389		-4.68541
1.2686		-4.67551
1.27332		-4.66668
1.27803		-4.65821
1.28274		-4.64953
1.28746		-4.64033
1.29217		-4.63054
1.29688		-4.62041
1.3016		-4.6104
1.30631		-4.60106
1.31103		-4.593
1.31574		-4.58675
1.32045		-4.5828
1.32517		-4.58151
1.32988		-4.58312
1.33459		-4.58779
1.33931		-4.59549
1.34402		-4.60606

0.005		0.941429
0.01		0.932181
0.015		0.932503
0.02		0.943269
0.025		0.964919
0.03		0.997415
0.035		1.04021
0.04		1.09222
0.045		1.15191
0.05		1.21729
0.055		1.28614
0.06		1.35609
0.065		1.4249
0.07		1.49065
0.075		1.55195
0.08		1.608
0.085		1.65827
0.09		1.70205
0.095		1.73764
0.1		1.76207
0.105		1.77203
0.11		1.76594
0.115		1.74497
0.12		1.71229
0.125		1.67182
0.13		1.62774
0.135		1.58427
0.14		1.54554
0.145		1.51542
0.15		1.49733
0.155		1.49412
0.16		1.50789
0.165		1.53993
0.17		1.59064
0.175		1.65943
0.18		1.74473
0.185		1.84399
0.19		1.95382
0.195		2.0703
0.2		2.18939
0.205		2.30743
0.21		2.42157
0.215		2.52997
0.22		2.63186
0.225		2.72727
0.23		2.8167
0.235		2.90083
0.24		2.98024
0.245		3.05541
0.25		3.1268
0.255		3.19505
0.26		3.26117
0.265		3.32654
0.27		3.39275
0.275		3.46129
0.28		3.5333
0.285		3.6092
0.29		3.68835
0.295		3.76818
0.3		3.84077
0.305		3.8799
0.31		3.84959
0.315		3.77166
0.32		3.67509
0.325		3.57302
0.33		3.47264
0.335		3.37818
0.34		3.2918
0.345		3.21409
0.35		3.14442
0.355		3.08144
0.36		3.02336
0.365		2.9683
0.37		2.91452
0.375		2.86055
0.38		2.80525
0.385		2.74786
0.39		2.68789
0.395		2.62513
0.4		2.55948
0.405		2.49093
0.41		2.41942
0.415		2.34484
0.42		2.267
0.425		2.18572
0.43		2.10098
0.435		2.01301
0.44		1.92243
0.445		1.83029
0.45		1.73805
0.455		1.64749
0.46		1.56056
0.465		1.47921
0.47		1.40527
0.475		1.34031
0.48		1.28557
0.485		1.24191
0.49		1.20984
0.495		1.18951
0.5		1.18078
0.503727		1.18325
0.507453		1.17072
0.51118		1.16273
0.514907		1.15966
0.518633		1.16181
0.52236		1.1694
0.526086		1.18255
0.529813		1.20127
0.53354		1.22547
0.537266		1.25494
0.540993		1.28936
0.54472		1.32834
0.548446		1.37136
0.552173		1.41788
0.555899		1.46729
0.559626		1.51895
0.563353		1.57225
0.567079		1.6266
0.570806		1.68146
0.574533		1.73638
0.578259		1.79102
0.581986		1.84514
0.585713		1.89862
0.589439		1.95146
0.593166		2.00378
0.596892		2.05575
0.600619		2.10761
0.604346		2.15961
0.608072		2.21194
0.611799		2.26477
0.615526		2.31815
0.619252		2.37206
0.622979		2.42639
0.626705		2.48096
0.630432		2.53556
0.634159		2.58997
0.637885		2.64397
0.641612		2.69736
0.645339		2.74991
0.649065		2.80142
0.652792		2.85163
0.656518		2.90027
0.660245		2.94703
0.663972		2.99164
0.667698		3.03384
0.671425		3.07346
0.675152		3.11045
0.678878		3.14486
0.682605		3.17686
0.686332		3.20675
0.690058		3.23493
0.693785		3.26183
0.697511		3.28794
0.701238		3.31374
0.704965		3.33965
0.708691		3.36606
0.712418		3.39325
0.716145		3.42142
0.719871		3.45061
0.723598		3.48073
0.727324		3.51151
0.731051		3.54249
0.734778		3.573
0.738504		3.60219
0.742231		3.62908
0.745958		3.65266
0.749684		3.67203
0.753411		3.68659
0.757138		3.69618
0.760864		3.70114
0.764591		3.70223
0.768317		3.70047
0.772044		3.69701
0.775771		3.69291
0.779497		3.68908
0.783224		3.6862
0.786951		3.68475
0.790677		3.68496
0.794404		3.68681
0.79813		3.69008
0.801857		3.69433
0.805584		3.69895
0.80931		3.70323
0.813037		3.7064
0.816764		3.70777
0.82049		3.70679
0.824217		3.70316
0.827944		3.69682
0.83167		3.68794
0.835397		3.67685
0.839123		3.66393
0.84285		3.64954
0.846577		3.63395
0.850303		3.61741
0.85403		3.60021
0.857757		3.58283
0.861483		3.56584
0.86521		3.54983
0.868936		3.53526
0.872663		3.52232
0.877377		3.51092
0.88209		3.5448
0.886804		3.57316
0.891517		3.59561
0.896231		3.6119
0.900945		3.62206
0.905658		3.62647
0.910372		3.62564
0.915085		3.62001
0.919799		3.60972
0.924512		3.59472
0.929226		3.5749
0.93394		3.55031
0.938653		3.52119
0.943367		3.48798
0.94808		3.45123
0.952794		3.4116
0.957507		3.36974
0.962221		3.32631
0.966935		3.28193
0.971648		3.23715
0.976362		3.19244
0.981075		3.14822
0.985789		3.10478
0.990502		3.06235
0.995216		3.02105
0.99993		2.98089
1.00464		2.94184
1.00936		2.90375
1.01407		2.86643
1.01878		2.82965
1.0235		2.79315
1.02821		2.75668
1.03292		2.72001
1.03764		2.68295
1.04235		2.64537
1.04707		2.6072
1.05178		2.56844
1.05649		2.52914
1.06121		2.4894
1.06592		2.44934
1.07063		2.40914
1.07535		2.36894
1.08006		2.32889
1.08477		2.28913
1.08949		2.24974
1.0942		2.21079
1.09891		2.17229
1.10363		2.13424
1.10834		2.0966
1.11306		2.0593
1.11777		2.02226
1.12248		1.98541
1.1272		1.94865
1.13191		1.91191
1.13662		1.87514
1.14134		1.83828
1.14605		1.80132
1.15076		1.76424
1.15548		1.72705
1.16019		1.68979
1.1649		1.65249
1.16962		1.61523
1.17433		1.57807
1.17905		1.54115
1.18376		1.50459
1.18847		1.46858
1.19319		1.43334
1.1979		1.39911
1.20261		1.36616
1.20733		1.33477
1.21204		1.30522
1.21675		1.27778
1.22147		1.25267
1.22618		1.23004
1.23089		1.21001
1.23561		1.19258
1.24032		1.17768
1.24504		1.16515
1.24975		1.15473
1.25446		1.14608
1.25918		1.13878
1.26389		1.13239
1.2686		1.1264
1.27332		1.12033
1.27803		1.1137
1.28274		1.10611
1.28746		1.09723
1.29217		1.08686
1.29688		1.07496
1.3016		1.06161
1.30631		1.04707
1.31103		1.03173
1.31574		1.01606
1.32045		1.00063
1.32517		0.986
1.32988		0.972715
1.33459		0.961263
1.33931		0.952048
1.34402		0.94537

0.005		2.07316
0.01		2.08955
0.015		2.10108
0.02		2.10757
0.025		2.10933
0.03		2.107
0.035		2.10137
0.04		2.09327
0.045		2.08358
0.05		2.07325
0.055		2.06336
0.06		2.05502
0.065		2.04928
0.07		2.04689
0.075		2.04815
0.08		2.05289
0.085		2.06071
0.09		2.07158
0.095		2.08657
0.1		2.10817
0.105		2.13936
0.11		2.1816
0.115		2.23389
0.12		2.29365
0.125		2.35799
0.13		2.4243
0.135		2.4904
0.14		2.55453
0.145		2.61548
0.15		2.67259
0.155		2.7259
0.16		2.77609
0.165		2.82431
0.17		2.87194
0.175		2.92024
0.18		2.97022
0.185		3.02253
0.19		3.07748
0.195		3.13504
0.2		3.19488
0.205		3.25641
0.21		3.3189
0.215		3.38168
0.22		3.44421
0.225		3.50625
0.23		3.56782
0.235		3.62916
0.24		3.69064
0.245		3.75263
0.25		3.81523
0.255		3.87795
0.26		3.9394
0.265		3.99725
0.27		4.04853
0.275		4.0902
0.28		4.11968
0.285		4.13501
0.29		4.13499
0.295		4.11977
0.3		4.09474
0.305		4.08466
0.31		4.12645
0.315		4.20176
0.32		4.28675
0.325		4.37366
0.33		4.45988
0.335		4.54441
0.34		4.62688
0.345		4.70723
0.35		4.78556
0.355		4.86207
0.36		4.93708
0.365		5.01102
0.37		5.0844
0.375		5.15775
0.38		5.23151
0.385		5.3059
0.39		5.38082
0.395		5.45582
0.4		5.53014
0.405		5.60282
0.41		5.67294
0.415		5.73987
0.42		5.80344
0.425		5.8638
0.43		5.92128
0.435		5.97603
0.44		6.02791
0.445		6.0764
0.45		6.12071
0.455		6.15988
0.46		6.19296
0.465		6.21919
0.47		6.2381
0.475		6.24964
0.48		6.25422
0.485		6.2527
0.49		6.24633
0.495		6.23662
0.5		6.22524
0.503727		6.21378
0.507453		6.22557
0.51118		6.23985
0.514907		6.25689
0.518633		6.27665
0.52236		6.29883
0.526086		6.32289
0.529813		6.34814
0.53354		6.37378
0.537266		6.39902
0.540993		6.4231
0.54472		6.44535
0.548446		6.4652
0.552173		6.48217
0.555899		6.49588
0.559626		6.50598
0.563353		6.51216
0.567079		6.51402
0.570806		6.51112
0.574533		6.50289
0.578259		6.48867
0.581986		6.46776
0.585713		6.4395
0.589439		6.40349
0.593166		6.35968
0.596892		6.30856
0.600619		6.25113
0.604346		6.18881
0.608072		6.12332
0.611799		6.05651
0.615526		5.99017
0.619252		5.92597
0.622979		5.86534
0.626705		5.80945
0.630432		5.75917
0.634159		5.71508
0.637885		5.67745
0.641612		5.64627
0.645339		5.62128
0.649065		5.60199
0.652792		5.5877
0.656518		5.57748
0.660245		5.57023
0.663972		5.56467
0.667698		5.55936
0.671425		5.55282
0.675152		5.54361
0.678878		5.53044
0.682605		5.51233
0.686332		5.48865
0.690058		5.4591
0.693785		5.42365
0.697511		5.38241
0.701238		5.33556
0.704965		5.28333
0.708691		5.22603
0.712418		5.16408
0.716145		5.09818
0.719871		5.02931
0.723598		4.9588
0.727324		4.88827
0.731051		4.81949
0.734778		4.75428
0.738504		4.69432
0.742231		4.64106
0.745958		4.59562
0.749684		4.55871
0.753411		4.53053
0.757138		4.51076
0.760864		4.49857
0.764591		4.49271
0.768317		4.49174
0.772044		4.49411
0.775771		4.49837
0.779497		4.50322
0.783224		4.50755
0.786951		4.51047
0.790677		4.51131
0.794404		4.5096
0.79813		4.50509
0.801857		4.49769
0.805584		4.48741
0.80931		4.47434
0.813037		4.45858
0.816764		4.44014
0.82049		4.41897
0.824217		4.39494
0.827944		4.36803
0.83167		4.33848
0.835397		4.30704
0.839123		4.27514
0.84285		4.24498
0.846577		4.21926
0.850303		4.20077
0.85403		4.19169
0.857757		4.19303
0.861483		4.20428
0.86521		4.22349
0.868936		4.24773
0.872663		4.27381
0.877377		4.29906
0.88209		4.2191
0.886804		4.15139
0.891517		4.09688
0.896231		4.05588
0.900945		4.02801
0.905658		4.01219
0.910372		4.00679
0.915085		4.01001
0.919799		4.02003
0.924512		4.03501
0.929226		4.05298
0.93394		4.07171
0.938653		4.08881
0.943367		4.102
0.94808		4.10942
0.952794		4.10999
0.957507		4.10354
0.962221		4.09063
0.966935		4.07225
0.971648		4.04953
0.976362		4.02347
0.981075		3.99491
0.985789		3.96447
0.990502		3.93261
0.995216		3.89965
0.99993		3.86584
1.00464		3.83133
1.00936		3.79626
1.01407		3.76069
1.01878		3.72467
1.0235		3.68816
1.02821		3.65111
1.03292		3.6134
1.03764		3.57484
1.04235		3.53521
1.04707		3.49427
1.05178		3.45174
1.05649		3.40739
1.06121		3.36104
1.06592		3.31261
1.07063		3.26219
1.07535		3.21
1.08006		3.15644
1.08477		3.10203
1.08949		3.04738
1.0942		2.99315
1.09891		2.94
1.10363		2.88858
1.10834		2.83949
1.11306		2.79332
1.11777		2.75056
1.12248		2.71165
1.1272		2.67692
1.13191		2.64659
1.13662		2.62076
1.14134		2.59936
1.14605		2.58222
1.15076		2.56902
1.15548		2.55932
1.16019		2.55262
1.1649		2.54833
1.16962		2.54586
1.17433		2.54463
1.17905		2.54408
1.18376		2.54372
1.18847		2.54312
1.19319		2.54194
1.1979		2.53989
1.20261		2.53678
1.20733		2.53244
1.21204		2.52677
1.21675		2.51968
1.22147		2.51114
1.22618		2.50109
1.23089		2.48951
1.23561		2.47639
1.24032		2.46168
1.24504		2.44539
1.24975		2.42749
1.25446		2.40799
1.25918		2.38696
1.26389		2.36451
1.2686		2.34082
1.27332		2.31619
1.27803		2.29096
1.28274		2.26557
1.28746		2.2405
1.29217		2.2162
1.29688		2.19314
1.3016		2.17168
1.30631		2.15215
1.31103		2.13475
1.31574		2.11961
1.32045		2.10675
1.32517		2.09615
1.32988		2.08772
1.33459		2.08132
1.33931		2.07684
1.34402		2.07415

0.005		2.39819
0.01		2.40292
0.015		2.40994
0.02		2.4188
0.025		2.42894
0.03		2.4399
0.035		2.45141
0.04		2.46354
0.045		2.47655
0.05		2.49087
0.055		2.50695
0.06		2.52521
0.065		2.54602
0.07		2.56966
0.075		2.59632
0.08		2.62603
0.085		2.65859
0.09		2.69354
0.095		2.73015
0.1		2.76744
0.105		2.80436
0.11		2.83988
0.115		2.87319
0.12		2.90384
0.125		2.93184
0.13		2.95772
0.135		2.98248
0.14		3.00747
0.145		3.03417
0.15		3.06391
0.155		3.09759
0.16		3.13555
0.165		3.17762
0.17		3.2233
0.175		3.27205
0.18		3.32342
0.185		3.3772
0.19		3.43343
0.195		3.49242
0.2		3.55479
0.205		3.62134
0.21		3.6929
0.215		3.76999
0.22		3.85255
0.225		3.93981
0.23		4.03035
0.235		4.12233
0.24		4.2138
0.245		4.30295
0.25		4.38842
0.255		4.46956
0.26		4.54667
0.265		4.62101
0.27		4.69459
0.275		4.76963
0.28		4.84788
0.285		4.93011
0.29		5.01535
0.295		5.09584
0.3		5.12515
0.305		5.11596
0.31		5.11781
0.315		5.13892
0.32		5.18032
0.325		5.24122
0.33		5.32014
0.335		5.41527
0.34		5.52437
0.345		5.64448
0.35		5.77157
0.355		5.9004
0.36		6.02492
0.365		6.14057
0.37		6.24686
0.375		6.34629
0.38		6.44107
0.385		6.53174
0.39		6.61771
0.395		6.69838
0.4		6.77451
0.405		6.84902
0.41		6.9264
0.415		7.01105
0.42		7.10583
0.425		7.21153
0.43		7.32709
0.435		7.45026
0.44		7.57821
0.445		7.70813
0.45		7.83778
0.455		7.9658
0.46		8.09159
0.465		8.21494
0.47		8.33558
0.475		8.45301
0.48		8.56642
0.485		8.67469
0.49		8.77626
0.495		8.86888
0.5		8.94858
0.503727		9.00286
0.507453		8.9789
0.51118		8.94306
0.514907		8.90001
0.518633		8.84996
0.52236		8.79278
0.526086		8.72869
0.529813		8.65836
0.53354		8.58269
0.537266		8.50272
0.540993		8.41948
0.54472		8.33403
0.548446		8.24748
0.552173		8.16093
0.555899		8.07548
0.559626		7.99222
0.563353		7.91218
0.567079		7.83629
0.570806		7.76546
0.574533		7.70053
0.578259		7.64235
0.581986		7.59172
0.585713		7.54937
0.589439		7.51583
0.593166		7.49124
0.596892		7.47514
0.600619		7.46604
0.604346		7.46069
0.608072		7.45253
0.611799		7.43097
0.615526		7.38845
0.619252		7.32945
0.622979		7.26192
0.626705		7.19043
0.630432		7.11715
0.634159		7.04323
0.637885		6.96944
0.641612		6.89638
0.645339		6.82463
0.649065		6.75475
0.652792		6.68735
0.656518		6.62302
0.660245		6.56236
0.663972		6.50592
0.667698		6.45413
0.671425		6.40729
0.675152		6.36545
0.678878		6.32838
0.682605		6.29552
0.686332		6.26602
0.690058		6.2389
0.693785		6.21313
0.697511		6.18783
0.701238		6.1623
0.704965		6.13605
0.708691		6.10884
0.712418		6.0806
0.716145		6.05153
0.719871		6.02206
0.723598		5.99292
0.727324		5.96498
0.731051		5.93907
0.734778		5.91571
0.738504		5.89503
0.742231		5.87693
0.745958		5.86118
0.749684		5.84758
0.753411		5.836
0.757138		5.82627
0.760864		5.81815
0.764591		5.81122
0.768317		5.80477
0.772044		5.79771
0.775771		5.78833
0.779497		5.77446
0.783224		5.754
0.786951		5.72613
0.790677		5.69212
0.794404		5.6547
0.79813		5.61696
0.801857		5.58171
0.805584		5.5512
0.80931		5.52706
0.813037		5.51031
0.816764		5.5013
0.82049		5.49978
0.824217		5.50492
0.827944		5.51545
0.83167		5.5298
0.835397		5.54645
0.839123		5.5641
0.84285		5.58202
0.846577		5.60015
0.850303		5.61909
0.85403		5.64001
0.857757		5.66418
0.861483		5.68645
0.86521		5.69034
0.868936		5.69533
0.872663		5.70324
0.877377		5.71413
0.88209		5.63961
0.886804		5.56688
0.891517		5.49549
0.896231		5.42523
0.900945		5.35609
0.905658		5.28833
0.910372		5.22238
0.915085		5.15882
0.919799		5.09837
0.924512		5.04184
0.929226		4.99008
0.93394		4.94392
0.938653		4.904
0.943367		4.87058
0.94808		4.8433
0.952794		4.821
0.957507		4.80186
0.962221		4.78373
0.966935		4.76465
0.971648		4.74314
0.976362		4.71835
0.981075		4.68994
0.985789		4.65793
0.990502		4.62252
0.995216		4.58394
0.99993		4.5424
1.00464		4.49805
1.00936		4.45099
1.01407		4.40124
1.01878		4.34884
1.0235		4.29381
1.02821		4.23623
1.03292		4.17627
1.03764		4.11416
1.04235		4.05025
1.04707		3.98501
1.05178		3.91898
1.05649		3.85277
1.06121		3.78699
1.06592		3.72227
1.07063		3.65913
1.07535		3.59803
1.08006		3.53932
1.08477		3.48324
1.08949		3.43
1.0942		3.37973
1.09891		3.33253
1.10363		3.28846
1.10834		3.24755
1.11306		3.20973
1.11777		3.1749
1.12248		3.14289
1.1272		3.11346
1.13191		3.08638
1.13662		3.06137
1.14134		3.03821
1.14605		3.01666
1.15076		2.99658
1.15548		2.97783
1.16019		2.96035
1.1649		2.94407
1.16962		2.92895
1.17433		2.91496
1.17905		2.90202
1.18376		2.89002
1.18847		2.8788
1.19319		2.86817
1.1979		2.85791
1.20261		2.84776
1.20733		2.83748
1.21204		2.82683
1.21675		2.81559
1.22147		2.80357
1.22618		2.79063
1.23089		2.77668
1.23561		2.76169
1.24032		2.74569
1.24504		2.72878
1.24975		2.71111
1.25446		2.69287
1.25918		2.67428
1.26389		2.65557
1.2686		2.63692
1.27332		2.61851
1.27803		2.60046
1.28274		2.58283
1.28746		2.56566
1.29217		2.54896
1.29688		2.53271
1.3016		2.51691
1.30631		2.50156
1.31103		2.48668
1.31574		2.47231
1.32045		2.45854
1.32517		2.44549
1.32988		2.43333
1.33459		2.42227
1.33931		2.41255
1.34402		2.40444

0.005		4.38333
0.01		4.37542
0.015		4.36741
0.02		4.35952
0.025		4.3525
0.03		4.34754
0.035		4.34608
0.04		4.34955
0.045		4.35916
0.05		4.37567
0.055		4.39926
0.06		4.42954
0.065		4.46551
0.07		4.50576
0.075		4.54858
0.08		4.59217
0.085		4.63482
0.09		4.67499
0.095		4.71142
0.1		4.74317
0.105		4.76967
0.11		4.79074
0.115		4.80657
0.12		4.81764
0.125		4.82465
0.13		4.82847
0.135		4.83007
0.14		4.83049
0.145		4.83082
0.15		4.83216
0.155		4.83564
0.16		4.84249
0.165		4.85401
0.17		4.87164
0.175		4.89694
0.18		4.93145
0.185		4.97646
0.19		5.03267
0.195		5.09978
0.2		5.1761
0.205		5.25844
0.21		5.34218
0.215		5.42163
0.22		5.49054
0.225		5.54279
0.23		5.57344
0.235		5.58037
0.24		5.56577
0.245		5.53609
0.25		5.49977
0.255		5.46405
0.26		5.43269
0.265		5.40541
0.27		5.37901
0.275		5.3495
0.28		5.31436
0.285		5.27383
0.29		5.23191
0.295		5.20111
0.3		5.23347
0.305		5.32143
0.31		5.41849
0.315		5.51681
0.32		5.61367
0.325		5.7072
0.33		5.79613
0.335		5.88012
0.34		5.96002
0.345		6.03814
0.35		6.11814
0.355		6.2048
0.36		6.30305
0.365		6.41546
0.37		6.53973
0.375		6.66992
0.38		6.80005
0.385		6.92586
0.39		7.0445
0.395		7.15316
0.4		7.24747
0.405		7.32498
0.41		7.39194
0.415		7.45697
0.42		7.52521
0.425		7.59959
0.43		7.68223
0.435		7.77486
0.44		7.87881
0.445		7.99489
0.45		8.1231
0.455		8.26241
0.46		8.41093
0.465		8.56615
0.47		8.72521
0.475		8.88479
0.48		9.04052
0.485		9.18537
0.49		9.30357
0.495		9.3466
0.5		9.26569
0.503727		9.13254
0.507453		9.22637
0.51118		9.30606
0.514907		9.3508
0.518633		9.34896
0.52236		9.31081
0.526086		9.25207
0.529813		9.18148
0.53354		9.10357
0.537266		9.02129
0.540993		8.93687
0.54472		8.8521
0.548446		8.76827
0.552173		8.68624
0.555899		8.60648
0.559626		8.52917
0.563353		8.45426
0.567079		8.38157
0.570806		8.3108
0.574533		8.2416
0.578259		8.17355
0.581986		8.10622
0.585713		8.03918
0.589439		7.97204
0.593166		7.9046
0.596892		7.8369
0.600619		7.76956
0.604346		7.7042
0.608072		7.64428
0.611799		7.5951
0.615526		7.55679
0.619252		7.51918
0.622979		7.47485
0.626705		7.42396
0.630432		7.36901
0.634159		7.31203
0.637885		7.25431
0.641612		7.1966
0.645339		7.13937
0.649065		7.08287
0.652792		7.02728
0.656518		6.97273
0.660245		6.91932
0.663972		6.86713
0.667698		6.8162
0.671425		6.76654
0.675152		6.71807
0.678878		6.6706
0.682605		6.62382
0.686332		6.57727
0.690058		6.53043
0.693785		6.48276
0.697511		6.4339
0.701238		6.38377
0.704965		6.33276
0.708691		6.28169
0.712418		6.23178
0.716145		6.18446
0.719871		6.14106
0.723598		6.10261
0.727324		6.06976
0.731051		6.04288
0.734778		6.02225
0.738504		6.00804
0.742231		6.00013
0.745958		5.99792
0.749684		6.00013
0.753411		6.00488
0.757138		6.00988
0.760864		6.0128
0.764591		6.0117
0.768317		6.0054
0.772044		5.99384
0.775771		5.97822
0.779497		5.9609
0.783224		5.94464
0.786951		5.93127
0.790677		5.92086
0.794404		5.91218
0.79813		5.9038
0.801857		5.89459
0.805584		5.88391
0.80931		5.87152
0.813037		5.85747
0.816764		5.84203
0.82049		5.82557
0.824217		5.80854
0.827944		5.79134
0.83167		5.77436
0.835397		5.75793
0.839123		5.74237
0.84285		5.72802
0.846577		5.7153
0.850303		5.70472
0.85403		5.69683
0.857757		5.6923
0.861483		5.69807
0.86521		5.7317
0.868936		5.77357
0.872663		5.81996
0.877377		5.86731
0.88209		5.80011
0.886804		5.7369
0.891517		5.6783
0.896231		5.6248
0.900945		5.57672
0.905658		5.53424
0.910372		5.49738
0.915085		5.46607
0.919799		5.44015
0.924512		5.41944
0.929226		5.40372
0.93394		5.39285
0.938653		5.38676
0.943367		5.38549
0.94808		5.38922
0.952794		5.39815
0.957507		5.41238
0.962221		5.43176
0.966935		5.4557
0.971648		5.48318
0.976362		5.51283
0.981075		5.54308
0.985789		5.57225
0.990502		5.59874
0.995216		5.62104
0.99993		5.63782
1.00464		5.64795
1.00936		5.65061
1.01407		5.64535
1.01878		5.63208
1.0235		5.61115
1.02821		5.58323
1.03292		5.54926
1.03764		5.51037
1.04235		5.46783
1.04707		5.42292
1.05178		5.37688
1.05649		5.33084
1.06121		5.28578
1.06592		5.24245
1.07063		5.20136
1.07535		5.1628
1.08006		5.12683
1.08477		5.09333
1.08949		5.06208
1.0942		5.03276
1.09891		5.00503
1.10363		4.9786
1.10834		4.95323
1.11306		4.92875
1.11777		4.90506
1.12248		4.88211
1.1272		4.85988
1.13191		4.83835
1.13662		4.81748
1.14134		4.79722
1.14605		4.77746
1.15076		4.75807
1.15548		4.73888
1.16019		4.71971
1.1649		4.70037
1.16962		4.68069
1.17433		4.66052
1.17905		4.63977
1.18376		4.61842
1.18847		4.5965
1.19319		4.5741
1.1979		4.5514
1.20261		4.52861
1.20733		4.50599
1.21204		4.48383
1.21675		4.46246
1.22147		4.44219
1.22618		4.42337
1.23089		4.40629
1.23561		4.39124
1.24032		4.37844
1.24504		4.36808
1.24975		4.36024
1.25446		4.35494
1.25918		4.35209
1.26389		4.35153
1.2686		4.35298
1.27332		4.35612
1.27803		4.36055
1.28274		4.36588
1.28746		4.37168
1.29217		4.37759
1.29688		4.38326
1.3016		4.38843
1.30631		4.39288
1.31103		4.39644
1.31574		4.399
1.32045		4.40045
1.32517		4.40074
1.32988		4.39983
1.33459		4.39766
1.33931		4.39421
1.34402		4.38945

0.005		5.11892
0.01		5.12469
0.015		5.13359
0.02		5.14571
0.025		5.16063
0.03		5.17741
0.035		5.19474
0.04		5.21106
0.045		5.22476
0.05		5.23441
0.055		5.23897
0.06		5.23795
0.065		5.23161
0.07		5.221
0.075		5.20791
0.08		5.19477
0.085		5.18442
0.09		5.17995
0.095		5.18437
0.1		5.20041
0.105		5.23017
0.11		5.27488
0.115		5.33458
0.12		5.408
0.125		5.49245
0.13		5.58393
0.135		5.67753
0.14		5.76791
0.145		5.85002
0.15		5.91985
0.155		5.97518
0.16		6.0161
0.165		6.04519
0.17		6.06703
0.175		6.0872
0.18		6.11102
0.185		6.14259
0.19		6.18417
0.195		6.23572
0.2		6.29458
0.205		6.35532
0.21		6.41051
0.215		6.45304
0.22		6.47918
0.225		6.48985
0.23		6.48835
0.235		6.4775
0.24		6.46004
0.245		6.44126
0.25		6.42858
0.255		6.42893
0.26		6.44793
0.265		6.49014
0.27		6.55854
0.275		6.65295
0.28		6.76843
0.285		6.89402
0.29		7.00535
0.295		7.03428
0.3		6.98871
0.305		6.93478
0.31		6.89031
0.315		6.86034
0.32		6.8466
0.325		6.84938
0.33		6.86803
0.335		6.90109
0.34		6.94618
0.345		7.00008
0.35		7.0589
0.355		7.11845
0.36		7.17465
0.365		7.22401
0.37		7.2641
0.375		7.29427
0.38		7.31618
0.385		7.33422
0.39		7.35528
0.395		7.38848
0.4		7.44437
0.405		7.52962
0.41		7.63987
0.415		7.76691
0.42		7.90565
0.425		8.05327
0.43		8.20785
0.435		8.36766
0.44		8.53087
0.445		8.6954
0.45		8.85882
0.455		9.01844
0.46		9.17129
0.465		9.31398
0.47		9.4421
0.475		9.54853
0.48		9.62048
0.485		9.64067
0.49		9.60812
0.495		9.57186
0.5		9.5874
0.503727		9.60897
0.507453		9.60034
0.51118		9.59282
0.514907		9.59478
0.518633		9.61461
0.52236		9.64223
0.526086		9.66264
0.529813		9.66878
0.53354		9.66041
0.537266		9.64011
0.540993		9.6099
0.54472		9.57028
0.548446		9.52073
0.552173		9.4603
0.555899		9.38822
0.559626		9.30428
0.563353		9.20902
0.567079		9.1038
0.570806		8.99068
0.574533		8.87222
0.578259		8.75123
0.581986		8.63053
0.585713		8.51274
0.589439		8.40011
0.593166		8.29443
0.596892		8.1971
0.600619		8.10927
0.604346		8.03236
0.608072		7.96888
0.611799		7.92352
0.615526		7.90307
0.619252		7.9126
0.622979		7.95101
0.626705		8.01277
0.630432		8.09218
0.634159		8.18449
0.637885		8.28554
0.641612		8.39107
0.645339		8.49627
0.649065		8.59556
0.652792		8.68254
0.656518		8.75064
0.660245		8.79528
0.663972		8.81655
0.667698		8.81856
0.671425		8.80576
0.675152		8.78112
0.678878		8.74688
0.682605		8.70534
0.686332		8.65882
0.690058		8.6091
0.693785		8.55732
0.697511		8.50407
0.701238		8.44969
0.704965		8.39465
0.708691		8.33976
0.712418		8.28623
0.716145		8.23549
0.719871		8.1889
0.723598		8.14753
0.727324		8.1121
0.731051		8.08301
0.734778		8.06041
0.738504		8.04432
0.742231		8.03465
0.745958		8.0312
0.749684		8.03356
0.753411		8.0409
0.757138		8.05184
0.760864		8.06426
0.764591		8.07549
0.768317		8.08234
0.772044		8.0802
0.775771		8.0594
0.779497		8.0098
0.783224		7.94269
0.786951		7.87369
0.790677		7.80958
0.794404		7.75245
0.79813		7.70209
0.801857		7.65688
0.805584		7.61419
0.80931		7.57077
0.813037		7.52306
0.816764		7.46779
0.82049		7.40284
0.824217		7.32834
0.827944		7.2472
0.83167		7.16453
0.835397		7.08626
0.839123		7.01766
0.84285		6.96234
0.846577		6.92196
0.850303		6.89641
0.85403		6.88445
0.857757		6.88441
0.861483		6.89467
0.86521		6.91397
0.868936		6.94111
0.872663		6.97444
0.877377		7.01107
0.88209		7.00315
0.886804		6.99395
0.891517		6.9833
0.896231		6.97112
0.900945		6.95738
0.905658		6.94209
0.910372		6.92526
0.915085		6.90693
0.919799		6.88709
0.924512		6.86572
0.929226		6.84271
0.93394		6.81793
0.938653		6.79121
0.943367		6.76243
0.94808		6.73154
0.952794		6.6986
0.957507		6.66383
0.962221		6.62759
0.966935		6.59039
0.971648		6.55284
0.976362		6.5156
0.981075		6.47937
0.985789		6.44483
0.990502		6.41263
0.995216		6.38336
0.99993		6.35748
1.00464		6.33529
1.00936		6.31685
1.01407		6.30193
1.01878		6.29002
1.0235		6.28034
1.02821		6.27195
1.03292		6.26385
1.03764		6.25508
1.04235		6.24479
1.04707		6.2323
1.05178		6.21713
1.05649		6.19908
1.06121		6.17824
1.06592		6.15499
1.07063		6.12997
1.07535		6.10401
1.08006		6.07803
1.08477		6.05295
1.08949		6.0296
1.0942		6.00861
1.09891		5.99036
1.10363		5.97495
1.10834		5.96218
1.11306		5.95159
1.11777		5.94249
1.12248		5.93404
1.1272		5.92531
1.13191		5.91536
1.13662		5.9033
1.14134		5.88834
1.14605		5.86982
1.15076		5.84729
1.15548		5.82047
1.16019		5.78927
1.1649		5.75382
1.16962		5.7144
1.17433		5.67146
1.17905		5.62556
1.18376		5.57735
1.18847		5.52755
1.19319		5.47691
1.1979		5.42616
1.20261		5.37601
1.20733		5.32712
1.21204		5.28006
1.21675		5.23534
1.22147		5.19338
1.22618		5.15448
1.23089		5.11888
1.23561		5.08673
1.24032		5.05807
1.24504		5.03294
1.24975		5.0113
1.25446		4.99309
1.25918		4.97828
1.26389		4.96681
1.2686		4.95864
1.27332		4.95373
1.27803		4.95204
1.28274		4.95348
1.28746		4.95792
1.29217		4.96515
1.29688		4.97488
1.3016		4.98672
1.30631		5.00022
1.31103		5.01488
1.31574		5.03018
1.32045		5.0456
1.32517		5.06068
1.32988		5.07498
1.33459		5.08817
1.33931		5.1
1.34402		5.11028

0.005		7.85643
0.01		7.85565
0.015		7.85224
0.02		7.84662
0.025		7.83952
0.03		7.83131
0.035		7.82236
0.04		7.81299
0.045		7.80343
0.05		7.79365
0.055		7.78334
0.06		7.77206
0.065		7.75955
0.07		7.74601
0.075		7.73212
0.08		7.7189
0.085		7.7074
0.09		7.69854
0.095		7.693
0.1		7.69117
0.105		7.69316
0.11		7.69882
0.115		7.70773
0.12		7.71921
0.125		7.7323
0.13		7.74562
0.135		7.7567
0.14		7.75819
0.145		7.72544
0.15		7.65571
0.155		7.58394
0.16		7.52335
0.165		7.47651
0.17		7.44175
0.175		7.41501
0.18		7.39132
0.185		7.36622
0.19		7.3369
0.195		7.30279
0.2		7.26526
0.205		7.22634
0.21		7.18676
0.215		7.14399
0.22		7.09315
0.225		7.03285
0.23		6.97071
0.235		6.92092
0.24		6.89572
0.245		6.89855
0.25		6.92523
0.255		6.9696
0.26		7.02665
0.265		7.09243
0.27		7.16193
0.275		7.22411
0.28		7.25632
0.285		7.24247
0.29		7.21145
0.295		7.248
0.3		7.35551
0.305		7.4752
0.31		7.59418
0.315		7.71034
0.32		7.82331
0.325		7.933
0.33		8.03932
0.335		8.14215
0.34		8.2413
0.345		8.33637
0.35		8.42673
0.355		8.51126
0.36		8.58848
0.365		8.65676
0.37		8.71532
0.375		8.7654
0.38		8.81093
0.385		8.85754
0.39		8.91069
0.395		8.97433
0.4		9.05056
0.405		9.13995
0.41		9.24202
0.415		9.35558
0.42		9.47897
0.425		9.61018
0.43		9.74682
0.435		9.88614
0.44		10.0249
0.445		10.1591
0.45		10.2833
0.455		10.3876
0.46		10.4452
0.465		10.4137
0.47		10.3284
0.475		10.2396
0.48		10.1705
0.485		10.1328
0.49		10.1009
0.495		10.0566
0.5		10.0473
0.503727		10.0792
0.507453		10.0477
0.51118		10.0279
0.514907		10.0217
0.518633		10.022
0.52236		10.0249
0.526086		10.0354
0.529813		10.0597
0.53354		10.0985
0.537266		10.1476
0.540993		10.202
0.54472		10.2569
0.548446		10.3083
0.552173		10.3526
0.555899		10.3873
0.559626		10.4107
0.563353		10.4226
0.567079		10.4237
0.570806		10.4147
0.574533		10.3959
0.578259		10.3669
0.581986		10.3262
0.585713		10.2722
0.589439		10.2049
0.593166		10.1262
0.596892		10.0391
0.600619		9.94711
0.604346		9.85325
0.608072		9.76005
0.611799		9.66951
0.615526		9.58317
0.619252		9.50216
0.622979		9.42725
0.626705		9.35891
0.630432		9.29742
0.634159		9.24286
0.637885		9.19526
0.641612		9.15459
0.645339		9.12088
0.649065		9.0943
0.652792		9.07512
0.656518		9.06333
0.660245		9.05737
0.663972		9.05302
0.667698		9.04562
0.671425		9.0337
0.675152		9.01899
0.678878		9.00358
0.682605		8.98805
0.686332		8.97153
0.690058		8.95248
0.693785		8.92948
0.697511		8.90194
0.701238		8.87034
0.704965		8.8361
0.708691		8.80094
0.712418		8.7663
0.716145		8.73304
0.719871		8.70143
0.723598		8.67141
0.727324		8.64272
0.731051		8.61508
0.734778		8.58826
0.738504		8.56212
0.742231		8.53656
0.745958		8.51148
0.749684		8.48659
0.753411		8.46112
0.757138		8.43336
0.760864		8.40027
0.764591		8.358
0.768317		8.30437
0.772044		8.24309
0.775771		8.18785
0.779497		8.15509
0.783224		8.13933
0.786951		8.1291
0.790677		8.11982
0.794404		8.1098
0.79813		8.09806
0.801857		8.08356
0.805584		8.06509
0.80931		8.0413
0.813037		8.01127
0.816764		7.97518
0.82049		7.93473
0.824217		7.89263
0.827944		7.85139
0.83167		7.81247
0.835397		7.77639
0.839123		7.74314
0.84285		7.71264
0.846577		7.68492
0.850303		7.6602
0.85403		7.63892
0.857757		7.62187
0.861483		7.61029
0.86521		7.60619
0.868936		7.61266
0.872663		7.63426
0.877377		7.67669
0.88209		7.60946
0.886804		7.54782
0.891517		7.49185
0.896231		7.44162
0.900945		7.39709
0.905658		7.35819
0.910372		7.32474
0.915085		7.29649
0.919799		7.27315
0.924512		7.25437
0.929226		7.23979
0.93394		7.22903
0.938653		7.22168
0.943367		7.2173
0.94808		7.21541
0.952794		7.21545
0.957507		7.21681
0.962221		7.21881
0.966935		7.2208
0.971648		7.22211
0.976362		7.22214
0.981075		7.22036
0.985789		7.21635
0.990502		7.2098
0.995216		7.20055
0.99993		7.18866
1.00464		7.17444
1.00936		7.15849
1.01407		7.14166
1.01878		7.12495
1.0235		7.1094
1.02821		7.09594
1.03292		7.08533
1.03764		7.07812
1.04235		7.07462
1.04707		7.07497
1.05178		7.07917
1.05649		7.08709
1.06121		7.09851
1.06592		7.11316
1.07063		7.13069
1.07535		7.15074
1.08006		7.17294
1.08477		7.19694
1.08949		7.22244
1.0942		7.24919
1.09891		7.27699
1.10363		7.3057
1.10834		7.33521
1.11306		7.36541
1.11777		7.39623
1.12248		7.42755
1.1272		7.45921
1.13191		7.49099
1.13662		7.52259
1.14134		7.55362
1.14605		7.58356
1.15076		7.61176
1.15548		7.63749
1.16019		7.66002
1.1649		7.67879
1.16962		7.69353
1.17433		7.70428
1.17905		7.71117
1.18376		7.71423
1.18847		7.71334
1.19319		7.7083
1.1979		7.69903
1.20261		7.68571
1.20733		7.66889
1.21204		7.6494
1.21675		7.62824
1.22147		7.60645
1.22618		7.58505
1.23089		7.56491
1.23561		7.54679
1.24032		7.53129
1.24504		7.51886
1.24975		7.50984
1.25446		7.50441
1.25918		7.50266
1.26389		7.50457
1.2686		7.51003
1.27332		7.51885
1.27803		7.53079
1.28274		7.54556
1.28746		7.56285
1.29217		7.58231
1.29688		7.60361
1.3016		7.6264
1.30631		7.65034
1.31103		7.67508
1.31574		7.70025
1.32045		7.72552
1.32517		7.75049
1.32988		7.77481
1.33459		7.7981
1.33931		7.81999
1.34402		7.83996

0.005		7.89162
0.01		7.89958
0.015		7.92212
0.02		7.95561
0.025		7.99551
0.03		8.03697
0.035		8.07479
0.04		8.10459
0.045		8.12509
0.05		8.13868
0.055		8.14922
0.06		8.16001
0.065		8.1729
0.07		8.18818
0.075		8.20489
0.08		8.22139
0.085		8.23596
0.09		8.24717
0.095		8.25399
0.1		8.25561
0.105		8.25106
0.11		8.23862
0.115		8.21543
0.12		8.17786
0.125		8.12319
0.13		8.0519
0.135		7.96918
0.14		7.88759
0.145		7.83804
0.15		7.82916
0.155		7.83065
0.16		7.83195
0.165		7.83085
0.17		7.82727
0.175		7.82229
0.18		7.81757
0.185		7.81478
0.19		7.81473
0.195		7.81683
0.2		7.81927
0.205		7.82021
0.21		7.81972
0.215		7.82135
0.22		7.83097
0.225		7.85175
0.23		7.88035
0.235		7.90914
0.24		7.93054
0.245		7.93925
0.25		7.93241
0.255		7.90921
0.26		7.87082
0.265		7.82084
0.27		7.7672
0.275		7.72677
0.28		7.73093
0.285		7.80769
0.29		7.95073
0.295		8.13935
0.3		8.3562
0.305		8.58631
0.31		8.81611
0.315		9.03373
0.32		9.22947
0.325		9.39619
0.33		9.52962
0.335		9.62844
0.34		9.6941
0.345		9.7305
0.35		9.74363
0.355		9.7413
0.36		9.73292
0.365		9.72873
0.37		9.73831
0.375		9.76848
0.38		9.82175
0.385		9.89652
0.39		9.98863
0.395		10.0931
0.4		10.2048
0.405		10.319
0.41		10.4314
0.415		10.5378
0.42		10.6341
0.425		10.7166
0.43		10.7815
0.435		10.8251
0.44		10.8434
0.445		10.8333
0.45		10.7934
0.455		10.7307
0.46		10.6733
0.465		10.6627
0.47		10.6387
0.475		10.5443
0.48		10.4203
0.485		10.3045
0.49		10.2471
0.495		10.269
0.5		10.3173
0.503727		10.3624
0.507453		10.3362
0.51118		10.3098
0.514907		10.2963
0.518633		10.3078
0.52236		10.3478
0.526086		10.4085
0.529813		10.4784
0.53354		10.5483
0.537266		10.6116
0.540993		10.6641
0.54472		10.7038
0.548446		10.7309
0.552173		10.7469
0.555899		10.7536
0.559626		10.7526
0.563353		10.744
0.567079		10.7273
0.570806		10.702
0.574533		10.6685
0.578259		10.6287
0.581986		10.5856
0.585713		10.5427
0.589439		10.5027
0.593166		10.4659
0.596892		10.4317
0.600619		10.3991
0.604346		10.367
0.608072		10.3347
0.611799		10.3015
0.615526		10.2668
0.619252		10.2301
0.622979		10.1909
0.626705		10.149
0.630432		10.1041
0.634159		10.0565
0.637885		10.0066
0.641612		9.95531
0.645339		9.90396
0.649065		9.85464
0.652792		9.81004
0.656518		9.77338
0.660245		9.74762
0.663972		9.73405
0.667698		9.73087
0.671425		9.73341
0.675152		9.73618
0.678878		9.73501
0.682605		9.72822
0.686332		9.7166
0.690058		9.70295
0.693785		9.69098
0.697511		9.6842
0.701238		9.68485
0.704965		9.69338
0.708691		9.7085
0.712418		9.72766
0.716145		9.74746
0.719871		9.76403
0.723598		9.77332
0.727324		9.77141
0.731051		9.75491
0.734778		9.72148
0.738504		9.67019
0.742231		9.60184
0.745958		9.51893
0.749684		9.42552
0.753411		9.32713
0.757138		9.23076
0.760864		9.14475
0.764591		9.07775
0.768317		9.03582
0.772044		9.01915
0.775771		9.02173
0.779497		9.03456
0.783224		9.04874
0.786951		9.05722
0.790677		9.05522
0.794404		9.04031
0.79813		9.01226
0.801857		8.97288
0.805584		8.92578
0.80931		8.87604
0.813037		8.82943
0.816764		8.79117
0.82049		8.7646
0.824217		8.75053
0.827944		8.74765
0.83167		8.75344
0.835397		8.76504
0.839123		8.77978
0.84285		8.7954
0.846577		8.81015
0.850303		8.82284
0.85403		8.83289
0.857757		8.84025
0.861483		8.84542
0.86521		8.84934
0.868936		8.85329
0.872663		8.85883
0.877377		8.86774
0.88209		8.7974
0.886804		8.72711
0.891517		8.65677
0.896231		8.58634
0.900945		8.51583
0.905658		8.44531
0.910372		8.37495
0.915085		8.305
0.919799		8.23584
0.924512		8.16791
0.929226		8.10178
0.93394		8.03802
0.938653		7.97726
0.943367		7.92007
0.94808		7.86694
0.952794		7.8182
0.957507		7.77406
0.962221		7.7345
0.966935		7.69939
0.971648		7.66845
0.976362		7.64137
0.981075		7.61786
0.985789		7.59769
0.990502		7.58077
0.995216		7.56712
0.99993		7.55683
1.00464		7.54997
1.00936		7.54653
1.01407		7.54635
1.01878		7.54914
1.0235		7.5545
1.02821		7.56198
1.03292		7.57108
1.03764		7.58134
1.04235		7.59234
1.04707		7.60372
1.05178		7.61521
1.05649		7.62665
1.06121		7.63793
1.06592		7.64903
1.07063		7.65995
1.07535		7.67069
1.08006		7.68125
1.08477		7.69162
1.08949		7.70173
1.0942		7.7115
1.09891		7.72084
1.10363		7.72966
1.10834		7.73787
1.11306		7.74544
1.11777		7.75237
1.12248		7.75874
1.1272		7.76465
1.13191		7.77031
1.13662		7.77596
1.14134		7.78193
1.14605		7.78858
1.15076		7.79633
1.15548		7.80559
1.16019		7.8167
1.1649		7.82968
1.16962		7.8442
1.17433		7.85957
1.17905		7.875
1.18376		7.88988
1.18847		7.90395
1.19319		7.91729
1.1979		7.93018
1.20261		7.94293
1.20733		7.95572
1.21204		7.96856
1.21675		7.98133
1.22147		7.99379
1.22618		8.00571
1.23089		8.01686
1.23561		8.0271
1.24032		8.03637
1.24504		8.04467
1.24975		8.05212
1.25446		8.05888
1.25918		8.06516
1.26389		8.07118
1.2686		8.07717
1.27332		8.08326
1.27803		8.08953
1.28274		8.09584
1.28746		8.10188
1.29217		8.10695
1.29688		8.1099
1.3016		8.10896
1.30631		8.10201
1.31103		8.08756
1.31574		8.06603
1.32045		8.03962
1.32517		8.01095
1.32988		7.98213
1.33459		7.95468
1.33931		7.92968
1.34402		7.90805

0.005		8.29935
0.01		8.30229
0.015		8.30541
0.02		8.30953
0.025		8.31609
0.03		8.32745
0.035		8.3469
0.04		8.37744
0.045		8.41968
0.05		8.47119
0.055		8.52849
0.06		8.58858
0.065		8.64923
0.07		8.70865
0.075		8.76513
0.08		8.81679
0.085		8.86157
0.09		8.89746
0.095		8.92297
0.1		8.93767
0.105		8.94297
0.11		8.94273
0.115		8.94363
0.12		8.95455
0.125		8.98447
0.13		9.03969
0.135		9.12233
0.14		9.23062
0.145		9.35981
0.15		9.50294
0.155		9.6515
0.16		9.79614
0.165		9.92747
0.17		10.037
0.175		10.118
0.18		10.1659
0.185		10.1797
0.19		10.1615
0.195		10.1177
0.2		10.0583
0.205		9.99744
0.21		9.95083
0.215		9.93369
0.22		9.9569
0.225		10.0244
0.23		10.1328
0.235		10.2733
0.24		10.4338
0.245		10.602
0.25		10.7664
0.255		10.9178
0.26		11.0493
0.265		11.1568
0.27		11.2385
0.275		11.295
0.28		11.3286
0.285		11.3431
0.29		11.343
0.295		11.3335
0.3		11.3197
0.305		11.3065
0.31		11.2979
0.315		11.2972
0.32		11.3065
0.325		11.3265
0.33		11.3571
0.335		11.3968
0.34		11.4437
0.345		11.4958
0.35		11.552
0.355		11.6114
0.36		11.6739
0.365		11.7391
0.37		11.8066
0.375		11.8751
0.38		11.9422
0.385		12.0047
0.39		12.0588
0.395		12.1
0.4		12.1241
0.405		12.1273
0.41		12.1071
0.415		12.062
0.42		11.9923
0.425		11.8995
0.43		11.7869
0.435		11.6593
0.44		11.5229
0.445		11.3848
0.45		11.2521
0.455		11.1287
0.46		11.0146
0.465		10.9133
0.47		10.854
0.475		10.8519
0.48		10.8594
0.485		10.8514
0.49		10.822
0.495		10.7712
0.5		10.7041
0.503727		10.6335
0.507453		10.7001
0.51118		10.7785
0.514907		10.8586
0.518633		10.9353
0.52236		11.006
0.526086		11.0697
0.529813		11.1266
0.53354		11.1779
0.537266		11.2254
0.540993		11.2712
0.54472		11.3175
0.548446		11.3654
0.552173		11.4156
0.555899		11.4683
0.559626		11.5234
0.563353		11.581
0.567079		11.6412
0.570806		11.7036
0.574533		11.7678
0.578259		11.8329
0.581986		11.8978
0.585713		11.9615
0.589439		12.0228
0.593166		12.0806
0.596892		12.1339
0.600619		12.1817
0.604346		12.2233
0.608072		12.258
0.611799		12.2852
0.615526		12.3048
0.619252		12.3165
0.622979		12.3203
0.626705		12.3164
0.630432		12.3051
0.634159		12.2867
0.637885		12.2619
0.641612		12.2312
0.645339		12.1952
0.649065		12.1546
0.652792		12.1102
0.656518		12.0628
0.660245		12.0132
0.663972		11.9625
0.667698		11.9117
0.671425		11.8617
0.675152		11.8136
0.678878		11.768
0.682605		11.7252
0.686332		11.685
0.690058		11.6471
0.693785		11.6107
0.697511		11.5749
0.701238		11.539
0.704965		11.5025
0.708691		11.465
0.712418		11.4269
0.716145		11.3885
0.719871		11.3512
0.723598		11.3163
0.727324		11.2859
0.731051		11.2617
0.734778		11.2455
0.738504		11.238
0.742231		11.2394
0.745958		11.2491
0.749684		11.266
0.753411		11.2891
0.757138		11.3175
0.760864		11.3504
0.764591		11.3876
0.768317		11.429
0.772044		11.4743
0.775771		11.5237
0.779497		11.5765
0.783224		11.6321
0.786951		11.6892
0.790677		11.7459
0.794404		11.8002
0.79813		11.8503
0.801857		11.8941
0.805584		11.9305
0.80931		11.9587
0.813037		11.9785
0.816764		11.9903
0.82049		11.9949
0.824217		11.9934
0.827944		11.9869
0.83167		11.9769
0.835397		11.9646
0.839123		11.9513
0.84285		11.9382
0.846577		11.9263
0.850303		11.9165
0.85403		11.9096
0.857757		11.9064
0.861483		11.9076
0.86521		11.9137
0.868936		11.9255
0.872663		11.9436
0.877377		11.9686
0.88209		11.9466
0.886804		11.9192
0.891517		11.8868
0.896231		11.8495
0.900945		11.8079
0.905658		11.7621
0.910372		11.7127
0.915085		11.66
0.919799		11.6043
0.924512		11.5459
0.929226		11.485
0.93394		11.4218
0.938653		11.3565
0.943367		11.2892
0.94808		11.2199
0.952794		11.1487
0.957507		11.0758
0.962221		11.0011
0.966935		10.925
0.971648		10.8475
0.976362		10.769
0.981075		10.6898
0.985789		10.6103
0.990502		10.5312
0.995216		10.453
0.99993		10.3763
1.00464		10.3022
1.00936		10.2313
1.01407		10.1647
1.01878		10.1034
1.0235		10.0484
1.02821		10.0007
1.03292		9.96103
1.03764		9.93014
1.04235		9.90832
1.04707		9.89557
1.05178		9.89144
1.05649		9.89505
1.06121		9.90512
1.06592		9.92003
1.07063		9.93792
1.07535		9.95678
1.08006		9.9746
1.08477		9.98943
1.08949		9.9995
1.0942		10.0033
1.09891		9.99948
1.10363		9.98721
1.10834		9.96584
1.11306		9.93509
1.11777		9.89504
1.12248		9.84607
1.1272		9.78883
1.13191		9.72428
1.13662		9.65357
1.14134		9.57805
1.14605		9.49924
1.15076		9.41873
1.15548		9.33816
1.16019		9.2592
1.1649		9.18345
1.16962		9.11244
1.17433		9.0475
1.17905		8.98974
1.18376		8.93997
1.18847		8.89856
1.19319		8.8654
1.1979		8.83991
1.20261		8.82107
1.20733		8.80756
1.21204		8.79791
1.21675		8.79062
1.22147		8.7843
1.22618		8.77772
1.23089		8.76985
1.23561		8.75985
1.24032		8.74708
1.24504		8.73111
1.24975		8.71166
1.25446		8.68863
1.25918		8.66206
1.26389		8.63211
1.2686		8.5991
1.27332		8.56346
1.27803		8.52574
1.28274		8.48667
1.28746		8.44715
1.29217		8.40837
1.29688		8.37195
1.3016		8.33999
1.30631		8.31489
1.31103		8.29836
1.31574		8.29013
1.32045		8.28811
1.32517		8.28976
1.32988		8.29302
1.33459		8.29644
1.33931		8.29903
1.34402		8.30015

